1,
1,
1,
1,
1,
1,
0.999999,
0.999999,
0.999999,
0.999999,
0.999998,
0.999998,
0.999998,
0.999997,
0.999997,
0.999997,
0.999996,
0.999996,
0.999995,
0.999995,
0.999994,
0.999993,
0.999993,
0.999992,
0.999991,
0.99999,
0.99999,
0.999989,
0.999988,
0.999987,
0.999986,
0.999985,
0.999984,
0.999983,
0.999982,
0.999981,
0.99998,
0.999979,
0.999978,
0.999977,
0.999976,
0.999974,
0.999973,
0.999972,
0.99997,
0.999969,
0.999968,
0.999966,
0.999965,
0.999963,
0.999962,
0.99996,
0.999959,
0.999957,
0.999956,
0.999954,
0.999952,
0.999951,
0.999949,
0.999947,
0.999945,
0.999943,
0.999941,
0.99994,
0.999938,
0.999936,
0.999934,
0.999932,
0.99993,
0.999927,
0.999925,
0.999923,
0.999921,
0.999919,
0.999917,
0.999914,
0.999912,
0.99991,
0.999907,
0.999905,
0.999903,
0.9999,
0.999898,
0.999895,
0.999893,
0.99989,
0.999887,
0.999885,
0.999882,
0.999879,
0.999877,
0.999874,
0.999871,
0.999868,
0.999865,
0.999863,
0.99986,
0.999857,
0.999854,
0.999851,
0.999848,
0.999845,
0.999842,
0.999838,
0.999835,
0.999832,
0.999829,
0.999826,
0.999822,
0.999819,
0.999816,
0.999812,
0.999809,
0.999806,
0.999802,
0.999799,
0.999795,
0.999792,
0.999788,
0.999784,
0.999781,
0.999777,
0.999773,
0.99977,
0.999766,
0.999762,
0.999758,
0.999754,
0.99975,
0.999747,
0.999743,
0.999739,
0.999735,
0.999731,
0.999727,
0.999722,
0.999718,
0.999714,
0.99971,
0.999706,
0.999701,
0.999697,
0.999693,
0.999689,
0.999684,
0.99968,
0.999675,
0.999671,
0.999666,
0.999662,
0.999657,
0.999653,
0.999648,
0.999644,
0.999639,
0.999634,
0.999629,
0.999625,
0.99962,
0.999615,
0.99961,
0.999605,
0.9996,
0.999595,
0.99959,
0.999585,
0.99958,
0.999575,
0.99957,
0.999565,
0.99956,
0.999555,
0.999549,
0.999544,
0.999539,
0.999534,
0.999528,
0.999523,
0.999517,
0.999512,
0.999507,
0.999501,
0.999496,
0.99949,
0.999484,
0.999479,
0.999473,
0.999467,
0.999462,
0.999456,
0.99945,
0.999444,
0.999439,
0.999433,
0.999427,
0.999421,
0.999415,
0.999409,
0.999403,
0.999397,
0.999391,
0.999385,
0.999379,
0.999372,
0.999366,
0.99936,
0.999354,
0.999347,
0.999341,
0.999335,
0.999328,
0.999322,
0.999316,
0.999309,
0.999303,
0.999296,
0.999289,
0.999283,
0.999276,
0.99927,
0.999263,
0.999256,
0.999249,
0.999243,
0.999236,
0.999229,
0.999222,
0.999215,
0.999208,
0.999201,
0.999194,
0.999187,
0.99918,
0.999173,
0.999166,
0.999159,
0.999152,
0.999145,
0.999137,
0.99913,
0.999123,
0.999116,
0.999108,
0.999101,
0.999093,
0.999086,
0.999078,
0.999071,
0.999063,
0.999056,
0.999048,
0.999041,
0.999033,
0.999025,
0.999018,
0.99901,
0.999002,
0.998994,
0.998986,
0.998978,
0.998971,
0.998963,
0.998955,
0.998947,
0.998939,
0.998931,
0.998923,
0.998914,
0.998906,
0.998898,
0.99889,
0.998882,
0.998873,
0.998865,
0.998857,
0.998848,
0.99884,
0.998832,
0.998823,
0.998815,
0.998806,
0.998798,
0.998789,
0.99878,
0.998772,
0.998763,
0.998754,
0.998746,
0.998737,
0.998728,
0.998719,
0.998711,
0.998702,
0.998693,
0.998684,
0.998675,
0.998666,
0.998657,
0.998648,
0.998639,
0.99863,
0.99862,
0.998611,
0.998602,
0.998593,
0.998583,
0.998574,
0.998565,
0.998555,
0.998546,
0.998537,
0.998527,
0.998518,
0.998508,
0.998499,
0.998489,
0.998479,
0.99847,
0.99846,
0.998451,
0.998441,
0.998431,
0.998421,
0.998411,
0.998402,
0.998392,
0.998382,
0.998372,
0.998362,
0.998352,
0.998342,
0.998332,
0.998322,
0.998312,
0.998301,
0.998291,
0.998281,
0.998271,
0.99826,
0.99825,
0.99824,
0.998229,
0.998219,
0.998209,
0.998198,
0.998188,
0.998177,
0.998167,
0.998156,
0.998145,
0.998135,
0.998124,
0.998113,
0.998103,
0.998092,
0.998081,
0.99807,
0.998059,
0.998049,
0.998038,
0.998027,
0.998016,
0.998005,
0.997994,
0.997983,
0.997972,
0.99796,
0.997949,
0.997938,
0.997927,
0.997916,
0.997904,
0.997893,
0.997882,
0.99787,
0.997859,
0.997847,
0.997836,
0.997825,
0.997813,
0.997801,
0.99779,
0.997778,
0.997767,
0.997755,
0.997743,
0.997732,
0.99772,
0.997708,
0.997696,
0.997684,
0.997672,
0.99766,
0.997649,
0.997637,
0.997625,
0.997613,
0.9976,
0.997588,
0.997576,
0.997564,
0.997552,
0.99754,
0.997527,
0.997515,
0.997503,
0.99749,
0.997478,
0.997466,
0.997453,
0.997441,
0.997428,
0.997416,
0.997403,
0.997391,
0.997378,
0.997365,
0.997353,
0.99734,
0.997327,
0.997314,
0.997302,
0.997289,
0.997276,
0.997263,
0.99725,
0.997237,
0.997224,
0.997211,
0.997198,
0.997185,
0.997172,
0.997159,
0.997146,
0.997133,
0.997119,
0.997106,
0.997093,
0.997079,
0.997066,
0.997053,
0.997039,
0.997026,
0.997012,
0.996999,
0.996985,
0.996972,
0.996958,
0.996945,
0.996931,
0.996917,
0.996904,
0.99689,
0.996876,
0.996862,
0.996848,
0.996835,
0.996821,
0.996807,
0.996793,
0.996779,
0.996765,
0.996751,
0.996737,
0.996723,
0.996709,
0.996694,
0.99668,
0.996666,
0.996652,
0.996637,
0.996623,
0.996609,
0.996594,
0.99658,
0.996565,
0.996551,
0.996536,
0.996522,
0.996507,
0.996493,
0.996478,
0.996464,
0.996449,
0.996434,
0.996419,
0.996405,
0.99639,
0.996375,
0.99636,
0.996345,
0.99633,
0.996315,
0.9963,
0.996285,
0.99627,
0.996255,
0.99624,
0.996225,
0.99621,
0.996195,
0.996179,
0.996164,
0.996149,
0.996134,
0.996118,
0.996103,
0.996087,
0.996072,
0.996057,
0.996041,
0.996026,
0.99601,
0.995994,
0.995979,
0.995963,
0.995947,
0.995932,
0.995916,
0.9959,
0.995884,
0.995869,
0.995853,
0.995837,
0.995821,
0.995805,
0.995789,
0.995773,
0.995757,
0.995741,
0.995725,
0.995709,
0.995692,
0.995676,
0.99566,
0.995644,
0.995627,
0.995611,
0.995595,
0.995578,
0.995562,
0.995546,
0.995529,
0.995512,
0.995496,
0.995479,
0.995463,
0.995446,
0.99543,
0.995413,
0.995396,
0.995379,
0.995363,
0.995346,
0.995329,
0.995312,
0.995295,
0.995278,
0.995261,
0.995244,
0.995227,
0.99521,
0.995193,
0.995176,
0.995159,
0.995142,
0.995125,
0.995107,
0.99509,
0.995073,
0.995055,
0.995038,
0.995021,
0.995003,
0.994986,
0.994968,
0.994951,
0.994933,
0.994916,
0.994898,
0.994881,
0.994863,
0.994845,
0.994828,
0.99481,
0.994792,
0.994774,
0.994756,
0.994739,
0.994721,
0.994703,
0.994685,
0.994667,
0.994649,
0.994631,
0.994613,
0.994595,
0.994576,
0.994558,
0.99454,
0.994522,
0.994504,
0.994485,
0.994467,
0.994449,
0.99443,
0.994412,
0.994393,
0.994375,
0.994356,
0.994338,
0.994319,
0.994301,
0.994282,
0.994263,
0.994245,
0.994226,
0.994207,
0.994188,
0.99417,
0.994151,
0.994132,
0.994113,
0.994094,
0.994075,
0.994056,
0.994037,
0.994018,
0.993999,
0.99398,
0.993961,
0.993942,
0.993922,
0.993903,
0.993884,
0.993865,
0.993845,
0.993826,
0.993807,
0.993787,
0.993768,
0.993748,
0.993729,
0.993709,
0.99369,
0.99367,
0.993651,
0.993631,
0.993611,
0.993591,
0.993572,
0.993552,
0.993532,
0.993512,
0.993492,
0.993473,
0.993453,
0.993433,
0.993413,
0.993393,
0.993373,
0.993353,
0.993332,
0.993312,
0.993292,
0.993272,
0.993252,
0.993231,
0.993211,
0.993191,
0.993171,
0.99315,
0.99313,
0.993109,
0.993089,
0.993068,
0.993048,
0.993027,
0.993007,
0.992986,
0.992965,
0.992945,
0.992924,
0.992903,
0.992882,
0.992862,
0.992841,
0.99282,
0.992799,
0.992778,
0.992757,
0.992736,
0.992715,
0.992694,
0.992673,
0.992652,
0.992631,
0.99261,
0.992589,
0.992567,
0.992546,
0.992525,
0.992503,
0.992482,
0.992461,
0.992439,
0.992418,
0.992396,
0.992375,
0.992353,
0.992332,
0.99231,
0.992289,
0.992267,
0.992245,
0.992224,
0.992202,
0.99218,
0.992158,
0.992136,
0.992115,
0.992093,
0.992071,
0.992049,
0.992027,
0.992005,
0.991983,
0.991961,
0.991939,
0.991916,
0.991894,
0.991872,
0.99185,
0.991828,
0.991805,
0.991783,
0.991761,
0.991738,
0.991716,
0.991693,
0.991671,
0.991648,
0.991626,
0.991603,
0.991581,
0.991558,
0.991536,
0.991513,
0.99149,
0.991467,
0.991445,
0.991422,
0.991399,
0.991376,
0.991353,
0.99133,
0.991307,
0.991284,
0.991261,
0.991238,
0.991215,
0.991192,
0.991169,
0.991146,
0.991123,
0.9911,
0.991076,
0.991053,
0.99103,
0.991006,
0.990983,
0.99096,
0.990936,
0.990913,
0.990889,
0.990866,
0.990842,
0.990819,
0.990795,
0.990771,
0.990748,
0.990724,
0.9907,
0.990676,
0.990653,
0.990629,
0.990605,
0.990581,
0.990557,
0.990533,
0.990509,
0.990485,
0.990461,
0.990437,
0.990413,
0.990389,
0.990365,
0.990341,
0.990316,
0.990292,
0.990268,
0.990244,
0.990219,
0.990195,
0.99017,
0.990146,
0.990122,
0.990097,
0.990073,
0.990048,
0.990023,
0.989999,
0.989974,
0.98995,
0.989925,
0.9899,
0.989875,
0.989851,
0.989826,
0.989801,
0.989776,
0.989751,
0.989726,
0.989701,
0.989676,
0.989651,
0.989626,
0.989601,
0.989576,
0.989551,
0.989526,
0.9895,
0.989475,
0.98945,
0.989425,
0.989399,
0.989374,
0.989348,
0.989323,
0.989298,
0.989272,
0.989247,
0.989221,
0.989195,
0.98917,
0.989144,
0.989119,
0.989093,
0.989067,
0.989041,
0.989016,
0.98899,
0.988964,
0.988938,
0.988912,
0.988886,
0.98886,
0.988834,
0.988808,
0.988782,
0.988756,
0.98873,
0.988704,
0.988678,
0.988651,
0.988625,
0.988599,
0.988573,
0.988546,
0.98852,
0.988494,
0.988467,
0.988441,
0.988414,
0.988388,
0.988361,
0.988335,
0.988308,
0.988281,
0.988255,
0.988228,
0.988201,
0.988175,
0.988148,
0.988121,
0.988094,
0.988067,
0.98804,
0.988014,
0.987987,
0.98796,
0.987933,
0.987906,
0.987878,
0.987851,
0.987824,
0.987797,
0.98777,
0.987743,
0.987715,
0.987688,
0.987661,
0.987633,
0.987606,
0.987579,
0.987551,
0.987524,
0.987496,
0.987469,
0.987441,
0.987413,
0.987386,
0.987358,
0.987331,
0.987303,
0.987275,
0.987247,
0.98722,
0.987192,
0.987164,
0.987136,
0.987108,
0.98708,
0.987052,
0.987024,
0.986996,
0.986968,
0.98694,
0.986912,
0.986884,
0.986855,
0.986827,
0.986799,
0.986771,
0.986742,
0.986714,
0.986686,
0.986657,
0.986629,
0.9866,
0.986572,
0.986543,
0.986515,
0.986486,
0.986458,
0.986429,
0.9864,
0.986372,
0.986343,
0.986314,
0.986285,
0.986256,
0.986228,
0.986199,
0.98617,
0.986141,
0.986112,
0.986083,
0.986054,
0.986025,
0.985996,
0.985967,
0.985937,
0.985908,
0.985879,
0.98585,
0.98582,
0.985791,
0.985762,
0.985732,
0.985703,
0.985674,
0.985644,
0.985615,
0.985585,
0.985556,
0.985526,
0.985497,
0.985467,
0.985437,
0.985408,
0.985378,
0.985348,
0.985318,
0.985288,
0.985259,
0.985229,
0.985199,
0.985169,
0.985139,
0.985109,
0.985079,
0.985049,
0.985019,
0.984989,
0.984959,
0.984928,
0.984898,
0.984868,
0.984838,
0.984807,
0.984777,
0.984747,
0.984716,
0.984686,
0.984655,
0.984625,
0.984594,
0.984564,
0.984533,
0.984503,
0.984472,
0.984441,
0.984411,
0.98438,
0.984349,
0.984319,
0.984288,
0.984257,
0.984226,
0.984195,
0.984164,
0.984133,
0.984102,
0.984071,
0.98404,
0.984009,
0.983978,
0.983947,
0.983916,
0.983885,
0.983853,
0.983822,
0.983791,
0.98376,
0.983728,
0.983697,
0.983665,
0.983634,
0.983603,
0.983571,
0.98354,
0.983508,
0.983476,
0.983445,
0.983413,
0.983381,
0.98335,
0.983318,
0.983286,
0.983254,
0.983223,
0.983191,
0.983159,
0.983127,
0.983095,
0.983063,
0.983031,
0.982999,
0.982967,
0.982935,
0.982903,
0.982871,
0.982838,
0.982806,
0.982774,
0.982742,
0.982709,
0.982677,
0.982645,
0.982612,
0.98258,
0.982547,
0.982515,
0.982482,
0.98245,
0.982417,
0.982385,
0.982352,
0.982319,
0.982287,
0.982254,
0.982221,
0.982189,
0.982156,
0.982123,
0.98209,
0.982057,
0.982024,
0.981991,
0.981958,
0.981925,
0.981892,
0.981859,
0.981826,
0.981793,
0.98176,
0.981726,
0.981693,
0.98166,
0.981627,
0.981593,
0.98156,
0.981527,
0.981493,
0.98146,
0.981426,
0.981393,
0.981359,
0.981326,
0.981292,
0.981259,
0.981225,
0.981191,
0.981157,
0.981124,
0.98109,
0.981056,
0.981022,
0.980989,
0.980955,
0.980921,
0.980887,
0.980853,
0.980819,
0.980785,
0.980751,
0.980717,
0.980682,
0.980648,
0.980614,
0.98058,
0.980546,
0.980511,
0.980477,
0.980443,
0.980408,
0.980374,
0.98034,
0.980305,
0.980271,
0.980236,
0.980202,
0.980167,
0.980132,
0.980098,
0.980063,
0.980028,
0.979994,
0.979959,
0.979924,
0.979889,
0.979854,
0.97982,
0.979785,
0.97975,
0.979715,
0.97968,
0.979645,
0.97961,
0.979575,
0.97954,
0.979504,
0.979469,
0.979434,
0.979399,
0.979364,
0.979328,
0.979293,
0.979258,
0.979222,
0.979187,
0.979151,
0.979116,
0.97908,
0.979045,
0.979009,
0.978974,
0.978938,
0.978902,
0.978867,
0.978831,
0.978795,
0.97876,
0.978724,
0.978688,
0.978652,
0.978616,
0.97858,
0.978544,
0.978508,
0.978472,
0.978436,
0.9784,
0.978364,
0.978328,
0.978292,
0.978256,
0.978219,
0.978183,
0.978147,
0.978111,
0.978074,
0.978038,
0.978002,
0.977965,
0.977929,
0.977892,
0.977856,
0.977819,
0.977783,
0.977746,
0.977709,
0.977673,
0.977636,
0.977599,
0.977562,
0.977526,
0.977489,
0.977452,
0.977415,
0.977378,
0.977341,
0.977304,
0.977267,
0.97723,
0.977193,
0.977156,
0.977119,
0.977082,
0.977045,
0.977008,
0.97697,
0.976933,
0.976896,
0.976859,
0.976821,
0.976784,
0.976746,
0.976709,
0.976672,
0.976634,
0.976597,
0.976559,
0.976521,
0.976484,
0.976446,
0.976408,
0.976371,
0.976333,
0.976295,
0.976258,
0.97622,
0.976182,
0.976144,
0.976106,
0.976068,
0.97603,
0.975992,
0.975954,
0.975916,
0.975878,
0.97584,
0.975802,
0.975763,
0.975725,
0.975687,
0.975649,
0.97561,
0.975572,
0.975534,
0.975495,
0.975457,
0.975419,
0.97538,
0.975342,
0.975303,
0.975264,
0.975226,
0.975187,
0.975149,
0.97511,
0.975071,
0.975032,
0.974994,
0.974955,
0.974916,
0.974877,
0.974838,
0.974799,
0.97476,
0.974721,
0.974682,
0.974643,
0.974604,
0.974565,
0.974526,
0.974487,
0.974448,
0.974409,
0.974369,
0.97433,
0.974291,
0.974251,
0.974212,
0.974173,
0.974133,
0.974094,
0.974054,
0.974015,
0.973975,
0.973936,
0.973896,
0.973856,
0.973817,
0.973777,
0.973737,
0.973698,
0.973658,
0.973618,
0.973578,
0.973538,
0.973498,
0.973458,
0.973418,
0.973378,
0.973338,
0.973298,
0.973258,
0.973218,
0.973178,
0.973138,
0.973098,
0.973057,
0.973017,
0.972977,
0.972937,
0.972896,
0.972856,
0.972815,
0.972775,
0.972735,
0.972694,
0.972654,
0.972613,
0.972572,
0.972532,
0.972491,
0.97245,
0.97241,
0.972369,
0.972328,
0.972287,
0.972247,
0.972206,
0.972165,
0.972124,
0.972083,
0.972042,
0.972001,
0.97196,
0.971919,
0.971878,
0.971837,
0.971796,
0.971755,
0.971713,
0.971672,
0.971631,
0.97159,
0.971548,
0.971507,
0.971465,
0.971424,
0.971383,
0.971341,
0.9713,
0.971258,
0.971217,
0.971175,
0.971133,
0.971092,
0.97105,
0.971008,
0.970967,
0.970925,
0.970883,
0.970841,
0.970799,
0.970757,
0.970716,
0.970674,
0.970632,
0.97059,
0.970548,
0.970506,
0.970463,
0.970421,
0.970379,
0.970337,
0.970295,
0.970253,
0.97021,
0.970168,
0.970126,
0.970083,
0.970041,
0.969998,
0.969956,
0.969914,
0.969871,
0.969828,
0.969786,
0.969743,
0.969701,
0.969658,
0.969615,
0.969573,
0.96953,
0.969487,
0.969444,
0.969402,
0.969359,
0.969316,
0.969273,
0.96923,
0.969187,
0.969144,
0.969101,
0.969058,
0.969015,
0.968972,
0.968928,
0.968885,
0.968842,
0.968799,
0.968756,
0.968712,
0.968669,
0.968626,
0.968582,
0.968539,
0.968495,
0.968452,
0.968408,
0.968365,
0.968321,
0.968278,
0.968234,
0.96819,
0.968147,
0.968103,
0.968059,
0.968015,
0.967972,
0.967928,
0.967884,
0.96784,
0.967796,
0.967752,
0.967708,
0.967664,
0.96762,
0.967576,
0.967532,
0.967488,
0.967444,
0.967399,
0.967355,
0.967311,
0.967267,
0.967222,
0.967178,
0.967134,
0.967089,
0.967045,
0.967,
0.966956,
0.966911,
0.966867,
0.966822,
0.966778,
0.966733,
0.966688,
0.966644,
0.966599,
0.966554,
0.966509,
0.966465,
0.96642,
0.966375,
0.96633,
0.966285,
0.96624,
0.966195,
0.96615,
0.966105,
0.96606,
0.966015,
0.96597,
0.965925,
0.965879,
0.965834,
0.965789,
0.965744,
0.965698,
0.965653,
0.965608,
0.965562,
0.965517,
0.965472,
0.965426,
0.96538,
0.965335,
0.965289,
0.965244,
0.965198,
0.965153,
0.965107,
0.965061,
0.965015,
0.96497,
0.964924,
0.964878,
0.964832,
0.964786,
0.96474,
0.964694,
0.964648,
0.964602,
0.964556,
0.96451,
0.964464,
0.964418,
0.964372,
0.964326,
0.964279,
0.964233,
0.964187,
0.964141,
0.964094,
0.964048,
0.964001,
0.963955,
0.963909,
0.963862,
0.963816,
0.963769,
0.963722,
0.963676,
0.963629,
0.963583,
0.963536,
0.963489,
0.963442,
0.963396,
0.963349,
0.963302,
0.963255,
0.963208,
0.963161,
0.963114,
0.963067,
0.96302,
0.962973,
0.962926,
0.962879,
0.962832,
0.962785,
0.962738,
0.96269,
0.962643,
0.962596,
0.962549,
0.962501,
0.962454,
0.962407,
0.962359,
0.962312,
0.962264,
0.962217,
0.962169,
0.962122,
0.962074,
0.962026,
0.961979,
0.961931,
0.961883,
0.961836,
0.961788,
0.96174,
0.961692,
0.961644,
0.961596,
0.961549,
0.961501,
0.961453,
0.961405,
0.961357,
0.961308,
0.96126,
0.961212,
0.961164,
0.961116,
0.961068,
0.961019,
0.960971,
0.960923,
0.960875,
0.960826,
0.960778,
0.960729,
0.960681,
0.960633,
0.960584,
0.960535,
0.960487,
0.960438,
0.96039,
0.960341,
0.960292,
0.960244,
0.960195,
0.960146,
0.960097,
0.960048,
0.96,
0.959951,
0.959902,
0.959853,
0.959804,
0.959755,
0.959706,
0.959657,
0.959608,
0.959559,
0.959509,
0.95946,
0.959411,
0.959362,
0.959313,
0.959263,
0.959214,
0.959165,
0.959115,
0.959066,
0.959016,
0.958967,
0.958917,
0.958868,
0.958818,
0.958769,
0.958719,
0.958669,
0.95862,
0.95857,
0.95852,
0.958471,
0.958421,
0.958371,
0.958321,
0.958271,
0.958221,
0.958171,
0.958121,
0.958071,
0.958021,
0.957971,
0.957921,
0.957871,
0.957821,
0.957771,
0.957721,
0.95767,
0.95762,
0.95757,
0.95752,
0.957469,
0.957419,
0.957368,
0.957318,
0.957268,
0.957217,
0.957167,
0.957116,
0.957065,
0.957015,
0.956964,
0.956914,
0.956863,
0.956812,
0.956761,
0.956711,
0.95666,
0.956609,
0.956558,
0.956507,
0.956456,
0.956405,
0.956354,
0.956303,
0.956252,
0.956201,
0.95615,
0.956099,
0.956048,
0.955997,
0.955945,
0.955894,
0.955843,
0.955791,
0.95574,
0.955689,
0.955637,
0.955586,
0.955535,
0.955483,
0.955432,
0.95538,
0.955328,
0.955277,
0.955225,
0.955174,
0.955122,
0.95507,
0.955018,
0.954967,
0.954915,
0.954863,
0.954811,
0.954759,
0.954707,
0.954655,
0.954603,
0.954551,
0.954499,
0.954447,
0.954395,
0.954343,
0.954291,
0.954239,
0.954187,
0.954134,
0.954082,
0.95403,
0.953977,
0.953925,
0.953873,
0.95382,
0.953768,
0.953715,
0.953663,
0.95361,
0.953558,
0.953505,
0.953453,
0.9534,
0.953347,
0.953295,
0.953242,
0.953189,
0.953136,
0.953083,
0.953031,
0.952978,
0.952925,
0.952872,
0.952819,
0.952766,
0.952713,
0.95266,
0.952607,
0.952554,
0.952501,
0.952447,
0.952394,
0.952341,
0.952288,
0.952234,
0.952181,
0.952128,
0.952074,
0.952021,
0.951968,
0.951914,
0.951861,
0.951807,
0.951753,
0.9517,
0.951646,
0.951593,
0.951539,
0.951485,
0.951432,
0.951378,
0.951324,
0.95127,
0.951216,
0.951163,
0.951109,
0.951055,
0.951001,
0.950947,
0.950893,
0.950839,
0.950785,
0.950731,
0.950677,
0.950622,
0.950568,
0.950514,
0.95046,
0.950405,
0.950351,
0.950297,
0.950243,
0.950188,
0.950134,
0.950079,
0.950025,
0.94997,
0.949916,
0.949861,
0.949807,
0.949752,
0.949697,
0.949643,
0.949588,
0.949533,
0.949479,
0.949424,
0.949369,
0.949314,
0.949259,
0.949204,
0.949149,
0.949094,
0.949039,
0.948984,
0.948929,
0.948874,
0.948819,
0.948764,
0.948709,
0.948654,
0.948598,
0.948543,
0.948488,
0.948433,
0.948377,
0.948322,
0.948266,
0.948211,
0.948156,
0.9481,
0.948045,
0.947989,
0.947933,
0.947878,
0.947822,
0.947767,
0.947711,
0.947655,
0.947599,
0.947544,
0.947488,
0.947432,
0.947376,
0.94732,
0.947264,
0.947208,
0.947152,
0.947096,
0.94704,
0.946984,
0.946928,
0.946872,
0.946816,
0.94676,
0.946704,
0.946647,
0.946591,
0.946535,
0.946478,
0.946422,
0.946366,
0.946309,
0.946253,
0.946196,
0.94614,
0.946083,
0.946027,
0.94597,
0.945914,
0.945857,
0.9458,
0.945744,
0.945687,
0.94563,
0.945573,
0.945517,
0.94546,
0.945403,
0.945346,
0.945289,
0.945232,
0.945175,
0.945118,
0.945061,
0.945004,
0.944947,
0.94489,
0.944833,
0.944776,
0.944718,
0.944661,
0.944604,
0.944546,
0.944489,
0.944432,
0.944374,
0.944317,
0.94426,
0.944202,
0.944145,
0.944087,
0.94403,
0.943972,
0.943914,
0.943857,
0.943799,
0.943741,
0.943684,
0.943626,
0.943568,
0.94351,
0.943452,
0.943394,
0.943337,
0.943279,
0.943221,
0.943163,
0.943105,
0.943047,
0.942989,
0.94293,
0.942872,
0.942814,
0.942756,
0.942698,
0.942639,
0.942581,
0.942523,
0.942465,
0.942406,
0.942348,
0.942289,
0.942231,
0.942172,
0.942114,
0.942055,
0.941997,
0.941938,
0.94188,
0.941821,
0.941762,
0.941704,
0.941645,
0.941586,
0.941527,
0.941468,
0.94141,
0.941351,
0.941292,
0.941233,
0.941174,
0.941115,
0.941056,
0.940997,
0.940938,
0.940879,
0.94082,
0.94076,
0.940701,
0.940642,
0.940583,
0.940523,
0.940464,
0.940405,
0.940345,
0.940286,
0.940227,
0.940167,
0.940108,
0.940048,
0.939989,
0.939929,
0.939869,
0.93981,
0.93975,
0.93969,
0.939631,
0.939571,
0.939511,
0.939451,
0.939392,
0.939332,
0.939272,
0.939212,
0.939152,
0.939092,
0.939032,
0.938972,
0.938912,
0.938852,
0.938792,
0.938732,
0.938671,
0.938611,
0.938551,
0.938491,
0.938431,
0.93837,
0.93831,
0.93825,
0.938189,
0.938129,
0.938068,
0.938008,
0.937947,
0.937887,
0.937826,
0.937766,
0.937705,
0.937644,
0.937584,
0.937523,
0.937462,
0.937401,
0.937341,
0.93728,
0.937219,
0.937158,
0.937097,
0.937036,
0.936975,
0.936914,
0.936853,
0.936792,
0.936731,
0.93667,
0.936609,
0.936548,
0.936486,
0.936425,
0.936364,
0.936303,
0.936241,
0.93618,
0.936119,
0.936057,
0.935996,
0.935934,
0.935873,
0.935811,
0.93575,
0.935688,
0.935627,
0.935565,
0.935503,
0.935442,
0.93538,
0.935318,
0.935256,
0.935195,
0.935133,
0.935071,
0.935009,
0.934947,
0.934885,
0.934823,
0.934761,
0.934699,
0.934637,
0.934575,
0.934513,
0.934451,
0.934389,
0.934327,
0.934264,
0.934202,
0.93414,
0.934078,
0.934015,
0.933953,
0.93389,
0.933828,
0.933766,
0.933703,
0.933641,
0.933578,
0.933515,
0.933453,
0.93339,
0.933328,
0.933265,
0.933202,
0.933139,
0.933077,
0.933014,
0.932951,
0.932888,
0.932825,
0.932762,
0.9327,
0.932637,
0.932574,
0.932511,
0.932447,
0.932384,
0.932321,
0.932258,
0.932195,
0.932132,
0.932069,
0.932005,
0.931942,
0.931879,
0.931816,
0.931752,
0.931689,
0.931625,
0.931562,
0.931498,
0.931435,
0.931371,
0.931308,
0.931244,
0.931181,
0.931117,
0.931053,
0.93099,
0.930926,
0.930862,
0.930798,
0.930735,
0.930671,
0.930607,
0.930543,
0.930479,
0.930415,
0.930351,
0.930287,
0.930223,
0.930159,
0.930095,
0.930031,
0.929967,
0.929902,
0.929838,
0.929774,
0.92971,
0.929645,
0.929581,
0.929517,
0.929452,
0.929388,
0.929323,
0.929259,
0.929195,
0.92913,
0.929065,
0.929001,
0.928936,
0.928872,
0.928807,
0.928742,
0.928678,
0.928613,
0.928548,
0.928483,
0.928418,
0.928354,
0.928289,
0.928224,
0.928159,
0.928094,
0.928029,
0.927964,
0.927899,
0.927834,
0.927768,
0.927703,
0.927638,
0.927573,
0.927508,
0.927442,
0.927377,
0.927312,
0.927247,
0.927181,
0.927116,
0.92705,
0.926985,
0.926919,
0.926854,
0.926788,
0.926723,
0.926657,
0.926592,
0.926526,
0.92646,
0.926395,
0.926329,
0.926263,
0.926197,
0.926131,
0.926066,
0.926,
0.925934,
0.925868,
0.925802,
0.925736,
0.92567,
0.925604,
0.925538,
0.925472,
0.925406,
0.925339,
0.925273,
0.925207,
0.925141,
0.925074,
0.925008,
0.924942,
0.924875,
0.924809,
0.924743,
0.924676,
0.92461,
0.924543,
0.924477,
0.92441,
0.924344,
0.924277,
0.92421,
0.924144,
0.924077,
0.92401,
0.923944,
0.923877,
0.92381,
0.923743,
0.923676,
0.923609,
0.923542,
0.923475,
0.923409,
0.923342,
0.923274,
0.923207,
0.92314,
0.923073,
0.923006,
0.922939,
0.922872,
0.922804,
0.922737,
0.92267,
0.922603,
0.922535,
0.922468,
0.9224,
0.922333,
0.922266,
0.922198,
0.922131,
0.922063,
0.921995,
0.921928,
0.92186,
0.921793,
0.921725,
0.921657,
0.921589,
0.921522,
0.921454,
0.921386,
0.921318,
0.92125,
0.921183,
0.921115,
0.921047,
0.920979,
0.920911,
0.920843,
0.920774,
0.920706,
0.920638,
0.92057,
0.920502,
0.920434,
0.920365,
0.920297,
0.920229,
0.920161,
0.920092,
0.920024,
0.919955,
0.919887,
0.919819,
0.91975,
0.919682,
0.919613,
0.919544,
0.919476,
0.919407,
0.919338,
0.91927,
0.919201,
0.919132,
0.919064,
0.918995,
0.918926,
0.918857,
0.918788,
0.918719,
0.91865,
0.918581,
0.918512,
0.918443,
0.918374,
0.918305,
0.918236,
0.918167,
0.918098,
0.918029,
0.917959,
0.91789,
0.917821,
0.917752,
0.917682,
0.917613,
0.917543,
0.917474,
0.917405,
0.917335,
0.917266,
0.917196,
0.917127,
0.917057,
0.916987,
0.916918,
0.916848,
0.916778,
0.916709,
0.916639,
0.916569,
0.916499,
0.91643,
0.91636,
0.91629,
0.91622,
0.91615,
0.91608,
0.91601,
0.91594,
0.91587,
0.9158,
0.91573,
0.915659,
0.915589,
0.915519,
0.915449,
0.915379,
0.915308,
0.915238,
0.915168,
0.915097,
0.915027,
0.914957,
0.914886,
0.914816,
0.914745,
0.914675,
0.914604,
0.914533,
0.914463,
0.914392,
0.914321,
0.914251,
0.91418,
0.914109,
0.914038,
0.913968,
0.913897,
0.913826,
0.913755,
0.913684,
0.913613,
0.913542,
0.913471,
0.9134,
0.913329,
0.913258,
0.913187,
0.913116,
0.913045,
0.912973,
0.912902,
0.912831,
0.91276,
0.912688,
0.912617,
0.912546,
0.912474,
0.912403,
0.912331,
0.91226,
0.912188,
0.912117,
0.912045,
0.911974,
0.911902,
0.91183,
0.911759,
0.911687,
0.911615,
0.911544,
0.911472,
0.9114,
0.911328,
0.911256,
0.911184,
0.911112,
0.91104,
0.910969,
0.910897,
0.910824,
0.910752,
0.91068,
0.910608,
0.910536,
0.910464,
0.910392,
0.910319,
0.910247,
0.910175,
0.910103,
0.91003,
0.909958,
0.909886,
0.909813,
0.909741,
0.909668,
0.909596,
0.909523,
0.909451,
0.909378,
0.909305,
0.909233,
0.90916,
0.909087,
0.909015,
0.908942,
0.908869,
0.908796,
0.908723,
0.908651,
0.908578,
0.908505,
0.908432,
0.908359,
0.908286,
0.908213,
0.90814,
0.908067,
0.907994,
0.90792,
0.907847,
0.907774,
0.907701,
0.907628,
0.907554,
0.907481,
0.907408,
0.907334,
0.907261,
0.907187,
0.907114,
0.907041,
0.906967,
0.906893,
0.90682,
0.906746,
0.906673,
0.906599,
0.906525,
0.906452,
0.906378,
0.906304,
0.906231,
0.906157,
0.906083,
0.906009,
0.905935,
0.905861,
0.905787,
0.905713,
0.905639,
0.905565,
0.905491,
0.905417,
0.905343,
0.905269,
0.905195,
0.90512,
0.905046,
0.904972,
0.904898,
0.904823,
0.904749,
0.904675,
0.9046,
0.904526,
0.904452,
0.904377,
0.904303,
0.904228,
0.904154,
0.904079,
0.904004,
0.90393,
0.903855,
0.90378,
0.903706,
0.903631,
0.903556,
0.903481,
0.903407,
0.903332,
0.903257,
0.903182,
0.903107,
0.903032,
0.902957,
0.902882,
0.902807,
0.902732,
0.902657,
0.902582,
0.902506,
0.902431,
0.902356,
0.902281,
0.902206,
0.90213,
0.902055,
0.90198,
0.901904,
0.901829,
0.901753,
0.901678,
0.901602,
0.901527,
0.901451,
0.901376,
0.9013,
0.901225,
0.901149,
0.901073,
0.900998,
0.900922,
0.900846,
0.90077,
0.900694,
0.900619,
0.900543,
0.900467,
0.900391,
0.900315,
0.900239,
0.900163,
0.900087,
0.900011,
0.899935,
0.899859,
0.899783,
0.899706,
0.89963,
0.899554,
0.899478,
0.899401,
0.899325,
0.899249,
0.899172,
0.899096,
0.89902,
0.898943,
0.898867,
0.89879,
0.898714,
0.898637,
0.898561,
0.898484,
0.898407,
0.898331,
0.898254,
0.898177,
0.8981,
0.898024,
0.897947,
0.89787,
0.897793,
0.897716,
0.897639,
0.897563,
0.897486,
0.897409,
0.897332,
0.897254,
0.897177,
0.8971,
0.897023,
0.896946,
0.896869,
0.896792,
0.896714,
0.896637,
0.89656,
0.896483,
0.896405,
0.896328,
0.89625,
0.896173,
0.896096,
0.896018,
0.89594,
0.895863,
0.895785,
0.895708,
0.89563,
0.895553,
0.895475,
0.895397,
0.895319,
0.895242,
0.895164,
0.895086,
0.895008,
0.89493,
0.894852,
0.894775,
0.894697,
0.894619,
0.894541,
0.894463,
0.894385,
0.894306,
0.894228,
0.89415,
0.894072,
0.893994,
0.893916,
0.893837,
0.893759,
0.893681,
0.893602,
0.893524,
0.893446,
0.893367,
0.893289,
0.89321,
0.893132,
0.893053,
0.892975,
0.892896,
0.892818,
0.892739,
0.89266,
0.892582,
0.892503,
0.892424,
0.892346,
0.892267,
0.892188,
0.892109,
0.89203,
0.891951,
0.891872,
0.891793,
0.891714,
0.891635,
0.891556,
0.891477,
0.891398,
0.891319,
0.89124,
0.891161,
0.891082,
0.891002,
0.890923,
0.890844,
0.890765,
0.890685,
0.890606,
0.890526,
0.890447,
0.890368,
0.890288,
0.890209,
0.890129,
0.89005,
0.88997,
0.88989,
0.889811,
0.889731,
0.889651,
0.889572,
0.889492,
0.889412,
0.889332,
0.889253,
0.889173,
0.889093,
0.889013,
0.888933,
0.888853,
0.888773,
0.888693,
0.888613,
0.888533,
0.888453,
0.888373,
0.888293,
0.888212,
0.888132,
0.888052,
0.887972,
0.887891,
0.887811,
0.887731,
0.88765,
0.88757,
0.88749,
0.887409,
0.887329,
0.887248,
0.887168,
0.887087,
0.887007,
0.886926,
0.886845,
0.886765,
0.886684,
0.886603,
0.886522,
0.886442,
0.886361,
0.88628,
0.886199,
0.886118,
0.886037,
0.885957,
0.885876,
0.885795,
0.885714,
0.885633,
0.885551,
0.88547,
0.885389,
0.885308,
0.885227,
0.885146,
0.885064,
0.884983,
0.884902,
0.884821,
0.884739,
0.884658,
0.884577,
0.884495,
0.884414,
0.884332,
0.884251,
0.884169,
0.884088,
0.884006,
0.883924,
0.883843,
0.883761,
0.88368,
0.883598,
0.883516,
0.883434,
0.883353,
0.883271,
0.883189,
0.883107,
0.883025,
0.882943,
0.882861,
0.882779,
0.882697,
0.882615,
0.882533,
0.882451,
0.882369,
0.882287,
0.882205,
0.882122,
0.88204,
0.881958,
0.881876,
0.881793,
0.881711,
0.881629,
0.881546,
0.881464,
0.881381,
0.881299,
0.881216,
0.881134,
0.881051,
0.880969,
0.880886,
0.880804,
0.880721,
0.880638,
0.880556,
0.880473,
0.88039,
0.880307,
0.880224,
0.880142,
0.880059,
0.879976,
0.879893,
0.87981,
0.879727,
0.879644,
0.879561,
0.879478,
0.879395,
0.879312,
0.879229,
0.879145,
0.879062,
0.878979,
0.878896,
0.878812,
0.878729,
0.878646,
0.878563,
0.878479,
0.878396,
0.878312,
0.878229,
0.878145,
0.878062,
0.877978,
0.877895,
0.877811,
0.877728,
0.877644,
0.87756,
0.877477,
0.877393,
0.877309,
0.877225,
0.877141,
0.877058,
0.876974,
0.87689,
0.876806,
0.876722,
0.876638,
0.876554,
0.87647,
0.876386,
0.876302,
0.876218,
0.876134,
0.87605,
0.875965,
0.875881,
0.875797,
0.875713,
0.875628,
0.875544,
0.87546,
0.875375,
0.875291,
0.875207,
0.875122,
0.875038,
0.874953,
0.874869,
0.874784,
0.8747,
0.874615,
0.87453,
0.874446,
0.874361,
0.874276,
0.874191,
0.874107,
0.874022,
0.873937,
0.873852,
0.873767,
0.873682,
0.873598,
0.873513,
0.873428,
0.873343,
0.873258,
0.873173,
0.873087,
0.873002,
0.872917,
0.872832,
0.872747,
0.872662,
0.872576,
0.872491,
0.872406,
0.87232,
0.872235,
0.87215,
0.872064,
0.871979,
0.871893,
0.871808,
0.871722,
0.871637,
0.871551,
0.871466,
0.87138,
0.871295,
0.871209,
0.871123,
0.871037,
0.870952,
0.870866,
0.87078,
0.870694,
0.870608,
0.870523,
0.870437,
0.870351,
0.870265,
0.870179,
0.870093,
0.870007,
0.869921,
0.869835,
0.869748,
0.869662,
0.869576,
0.86949,
0.869404,
0.869317,
0.869231,
0.869145,
0.869059,
0.868972,
0.868886,
0.868799,
0.868713,
0.868626,
0.86854,
0.868453,
0.868367,
0.86828,
0.868194,
0.868107,
0.86802,
0.867934,
0.867847,
0.86776,
0.867674,
0.867587,
0.8675,
0.867413,
0.867326,
0.867239,
0.867153,
0.867066,
0.866979,
0.866892,
0.866805,
0.866718,
0.86663,
0.866543,
0.866456,
0.866369,
0.866282,
0.866195,
0.866107,
0.86602,
0.865933,
0.865846,
0.865758,
0.865671,
0.865584,
0.865496,
0.865409,
0.865321,
0.865234,
0.865146,
0.865059,
0.864971,
0.864883,
0.864796,
0.864708,
0.864621,
0.864533,
0.864445,
0.864357,
0.86427,
0.864182,
0.864094,
0.864006,
0.863918,
0.86383,
0.863742,
0.863654,
0.863566,
0.863478,
0.86339,
0.863302,
0.863214,
0.863126,
0.863038,
0.86295,
0.862861,
0.862773,
0.862685,
0.862597,
0.862508,
0.86242,
0.862332,
0.862243,
0.862155,
0.862066,
0.861978,
0.861889,
0.861801,
0.861712,
0.861624,
0.861535,
0.861447,
0.861358,
0.861269,
0.861181,
0.861092,
0.861003,
0.860914,
0.860825,
0.860737,
0.860648,
0.860559,
0.86047,
0.860381,
0.860292,
0.860203,
0.860114,
0.860025,
0.859936,
0.859847,
0.859758,
0.859669,
0.859579,
0.85949,
0.859401,
0.859312,
0.859222,
0.859133,
0.859044,
0.858954,
0.858865,
0.858776,
0.858686,
0.858597,
0.858507,
0.858418,
0.858328,
0.858239,
0.858149,
0.858059,
0.85797,
0.85788,
0.85779,
0.857701,
0.857611,
0.857521,
0.857431,
0.857342,
0.857252,
0.857162,
0.857072,
0.856982,
0.856892,
0.856802,
0.856712,
0.856622,
0.856532,
0.856442,
0.856352,
0.856261,
0.856171,
0.856081,
0.855991,
0.855901,
0.85581,
0.85572,
0.85563,
0.855539,
0.855449,
0.855359,
0.855268,
0.855178,
0.855087,
0.854997,
0.854906,
0.854816,
0.854725,
0.854635,
0.854544,
0.854453,
0.854362,
0.854272,
0.854181,
0.85409,
0.853999,
0.853909,
0.853818,
0.853727,
0.853636,
0.853545,
0.853454,
0.853363,
0.853272,
0.853181,
0.85309,
0.852999,
0.852908,
0.852817,
0.852726,
0.852634,
0.852543,
0.852452,
0.852361,
0.852269,
0.852178,
0.852087,
0.851995,
0.851904,
0.851813,
0.851721,
0.85163,
0.851538,
0.851447,
0.851355,
0.851264,
0.851172,
0.85108,
0.850989,
0.850897,
0.850805,
0.850714,
0.850622,
0.85053,
0.850438,
0.850346,
0.850255,
0.850163,
0.850071,
0.849979,
0.849887,
0.849795,
0.849703,
0.849611,
0.849519,
0.849427,
0.849335,
0.849242,
0.84915,
0.849058,
0.848966,
0.848874,
0.848781,
0.848689,
0.848597,
0.848504,
0.848412,
0.84832,
0.848227,
0.848135,
0.848042,
0.84795,
0.847857,
0.847765,
0.847672,
0.84758,
0.847487,
0.847394,
0.847302,
0.847209,
0.847116,
0.847023,
0.846931,
0.846838,
0.846745,
0.846652,
0.846559,
0.846466,
0.846373,
0.846281,
0.846188,
0.846095,
0.846002,
0.845908,
0.845815,
0.845722,
0.845629,
0.845536,
0.845443,
0.84535,
0.845256,
0.845163,
0.84507,
0.844976,
0.844883,
0.84479,
0.844696,
0.844603,
0.84451,
0.844416,
0.844323,
0.844229,
0.844136,
0.844042,
0.843948,
0.843855,
0.843761,
0.843667,
0.843574,
0.84348,
0.843386,
0.843292,
0.843199,
0.843105,
0.843011,
0.842917,
0.842823,
0.842729,
0.842635,
0.842541,
0.842447,
0.842353,
0.842259,
0.842165,
0.842071,
0.841977,
0.841883,
0.841789,
0.841694,
0.8416,
0.841506,
0.841412,
0.841317,
0.841223,
0.841129,
0.841034,
0.84094,
0.840845,
0.840751,
0.840656,
0.840562,
0.840467,
0.840373,
0.840278,
0.840183,
0.840089,
0.839994,
0.8399,
0.839805,
0.83971,
0.839615,
0.83952,
0.839426,
0.839331,
0.839236,
0.839141,
0.839046,
0.838951,
0.838856,
0.838761,
0.838666,
0.838571,
0.838476,
0.838381,
0.838286,
0.838191,
0.838095,
0.838,
0.837905,
0.83781,
0.837714,
0.837619,
0.837524,
0.837428,
0.837333,
0.837238,
0.837142,
0.837047,
0.836951,
0.836856,
0.83676,
0.836665,
0.836569,
0.836473,
0.836378,
0.836282,
0.836186,
0.836091,
0.835995,
0.835899,
0.835803,
0.835708,
0.835612,
0.835516,
0.83542,
0.835324,
0.835228,
0.835132,
0.835036,
0.83494,
0.834844,
0.834748,
0.834652,
0.834556,
0.83446,
0.834363,
0.834267,
0.834171,
0.834075,
0.833978,
0.833882,
0.833786,
0.833689,
0.833593,
0.833497,
0.8334,
0.833304,
0.833207,
0.833111,
0.833014,
0.832918,
0.832821,
0.832724,
0.832628,
0.832531,
0.832434,
0.832338,
0.832241,
0.832144,
0.832048,
0.831951,
0.831854,
0.831757,
0.83166,
0.831563,
0.831466,
0.831369,
0.831272,
0.831175,
0.831078,
0.830981,
0.830884,
0.830787,
0.83069,
0.830593,
0.830496,
0.830398,
0.830301,
0.830204,
0.830106,
0.830009,
0.829912,
0.829814,
0.829717,
0.82962,
0.829522,
0.829425,
0.829327,
0.82923,
0.829132,
0.829035,
0.828937,
0.828839,
0.828742,
0.828644,
0.828546,
0.828449,
0.828351,
0.828253,
0.828155,
0.828058,
0.82796,
0.827862,
0.827764,
0.827666,
0.827568,
0.82747,
0.827372,
0.827274,
0.827176,
0.827078,
0.82698,
0.826882,
0.826784,
0.826685,
0.826587,
0.826489,
0.826391,
0.826292,
0.826194,
0.826096,
0.825997,
0.825899,
0.825801,
0.825702,
0.825604,
0.825505,
0.825407,
0.825308,
0.82521,
0.825111,
0.825013,
0.824914,
0.824815,
0.824717,
0.824618,
0.824519,
0.82442,
0.824322,
0.824223,
0.824124,
0.824025,
0.823926,
0.823827,
0.823728,
0.82363,
0.823531,
0.823432,
0.823333,
0.823233,
0.823134,
0.823035,
0.822936,
0.822837,
0.822738,
0.822639,
0.822539,
0.82244,
0.822341,
0.822242,
0.822142,
0.822043,
0.821943,
0.821844,
0.821745,
0.821645,
0.821546,
0.821446,
0.821347,
0.821247,
0.821148,
0.821048,
0.820948,
0.820849,
0.820749,
0.820649,
0.82055,
0.82045,
0.82035,
0.82025,
0.82015,
0.820051,
0.819951,
0.819851,
0.819751,
0.819651,
0.819551,
0.819451,
0.819351,
0.819251,
0.819151,
0.819051,
0.81895,
0.81885,
0.81875,
0.81865,
0.81855,
0.818449,
0.818349,
0.818249,
0.818149,
0.818048,
0.817948,
0.817847,
0.817747,
0.817647,
0.817546,
0.817446,
0.817345,
0.817244,
0.817144,
0.817043,
0.816943,
0.816842,
0.816741,
0.816641,
0.81654,
0.816439,
0.816338,
0.816238,
0.816137,
0.816036,
0.815935,
0.815834,
0.815733,
0.815632,
0.815531,
0.81543,
0.815329,
0.815228,
0.815127,
0.815026,
0.814925,
0.814824,
0.814723,
0.814621,
0.81452,
0.814419,
0.814318,
0.814216,
0.814115,
0.814014,
0.813912,
0.813811,
0.813709,
0.813608,
0.813507,
0.813405,
0.813304,
0.813202,
0.8131,
0.812999,
0.812897,
0.812796,
0.812694,
0.812592,
0.812491,
0.812389,
0.812287,
0.812185,
0.812083,
0.811981,
0.81188,
0.811778,
0.811676,
0.811574,
0.811472,
0.81137,
0.811268,
0.811166,
0.811064,
0.810962,
0.81086,
0.810757,
0.810655,
0.810553,
0.810451,
0.810349,
0.810246,
0.810144,
0.810042,
0.80994,
0.809837,
0.809735,
0.809632,
0.80953,
0.809427,
0.809325,
0.809222,
0.80912,
0.809017,
0.808915,
0.808812,
0.80871,
0.808607,
0.808504,
0.808401,
0.808299,
0.808196,
0.808093,
0.80799,
0.807888,
0.807785,
0.807682,
0.807579,
0.807476,
0.807373,
0.80727,
0.807167,
0.807064,
0.806961,
0.806858,
0.806755,
0.806652,
0.806549,
0.806445,
0.806342,
0.806239,
0.806136,
0.806032,
0.805929,
0.805826,
0.805723,
0.805619,
0.805516,
0.805412,
0.805309,
0.805205,
0.805102,
0.804998,
0.804895,
0.804791,
0.804688,
0.804584,
0.80448,
0.804377,
0.804273,
0.804169,
0.804066,
0.803962,
0.803858,
0.803754,
0.80365,
0.803547,
0.803443,
0.803339,
0.803235,
0.803131,
0.803027,
0.802923,
0.802819,
0.802715,
0.802611,
0.802507,
0.802403,
0.802298,
0.802194,
0.80209,
0.801986,
0.801881,
0.801777,
0.801673,
0.801569,
0.801464,
0.80136,
0.801255,
0.801151,
0.801047,
0.800942,
0.800838,
0.800733,
0.800629,
0.800524,
0.800419,
0.800315,
0.80021,
0.800106,
0.800001,
0.799896,
0.799791,
0.799687,
0.799582,
0.799477,
0.799372,
0.799267,
0.799162,
0.799058,
0.798953,
0.798848,
0.798743,
0.798638,
0.798533,
0.798428,
0.798322,
0.798217,
0.798112,
0.798007,
0.797902,
0.797797,
0.797692,
0.797586,
0.797481,
0.797376,
0.79727,
0.797165,
0.79706,
0.796954,
0.796849,
0.796743,
0.796638,
0.796532,
0.796427,
0.796321,
0.796216,
0.79611,
0.796005,
0.795899,
0.795793,
0.795688,
0.795582,
0.795476,
0.79537,
0.795265,
0.795159,
0.795053,
0.794947,
0.794841,
0.794735,
0.794629,
0.794523,
0.794418,
0.794311,
0.794205,
0.794099,
0.793993,
0.793887,
0.793781,
0.793675,
0.793569,
0.793463,
0.793356,
0.79325,
0.793144,
0.793038,
0.792931,
0.792825,
0.792719,
0.792612,
0.792506,
0.792399,
0.792293,
0.792186,
0.79208,
0.791973,
0.791867,
0.79176,
0.791654,
0.791547,
0.79144,
0.791334,
0.791227,
0.79112,
0.791013,
0.790907,
0.7908,
0.790693,
0.790586,
0.790479,
0.790372,
0.790266,
0.790159,
0.790052,
0.789945,
0.789838,
0.789731,
0.789624,
0.789516,
0.789409,
0.789302,
0.789195,
0.789088,
0.788981,
0.788873,
0.788766,
0.788659,
0.788552,
0.788444,
0.788337,
0.78823,
0.788122,
0.788015,
0.787907,
0.7878,
0.787692,
0.787585,
0.787477,
0.78737,
0.787262,
0.787154,
0.787047,
0.786939,
0.786831,
0.786724,
0.786616,
0.786508,
0.7864,
0.786293,
0.786185,
0.786077,
0.785969,
0.785861,
0.785753,
0.785645,
0.785537,
0.785429,
0.785321,
0.785213,
0.785105,
0.784997,
0.784889,
0.784781,
0.784673,
0.784565,
0.784456,
0.784348,
0.78424,
0.784132,
0.784023,
0.783915,
0.783807,
0.783698,
0.78359,
0.783481,
0.783373,
0.783264,
0.783156,
0.783047,
0.782939,
0.78283,
0.782722,
0.782613,
0.782504,
0.782396,
0.782287,
0.782178,
0.78207,
0.781961,
0.781852,
0.781743,
0.781634,
0.781526,
0.781417,
0.781308,
0.781199,
0.78109,
0.780981,
0.780872,
0.780763,
0.780654,
0.780545,
0.780436,
0.780327,
0.780217,
0.780108,
0.779999,
0.77989,
0.779781,
0.779671,
0.779562,
0.779453,
0.779343,
0.779234,
0.779125,
0.779015,
0.778906,
0.778796,
0.778687,
0.778578,
0.778468,
0.778358,
0.778249,
0.778139,
0.77803,
0.77792,
0.77781,
0.777701,
0.777591,
0.777481,
0.777371,
0.777262,
0.777152,
0.777042,
0.776932,
0.776822,
0.776712,
0.776602,
0.776493,
0.776383,
0.776273,
0.776163,
0.776053,
0.775942,
0.775832,
0.775722,
0.775612,
0.775502,
0.775392,
0.775282,
0.775171,
0.775061,
0.774951,
0.774841,
0.77473,
0.77462,
0.774509,
0.774399,
0.774289,
0.774178,
0.774068,
0.773957,
0.773847,
0.773736,
0.773626,
0.773515,
0.773404,
0.773294,
0.773183,
0.773072,
0.772962,
0.772851,
0.77274,
0.772629,
0.772519,
0.772408,
0.772297,
0.772186,
0.772075,
0.771964,
0.771853,
0.771742,
0.771631,
0.77152,
0.771409,
0.771298,
0.771187,
0.771076,
0.770965,
0.770854,
0.770743,
0.770632,
0.77052,
0.770409,
0.770298,
0.770187,
0.770075,
0.769964,
0.769853,
0.769741,
0.76963,
0.769518,
0.769407,
0.769295,
0.769184,
0.769072,
0.768961,
0.768849,
0.768738,
0.768626,
0.768514,
0.768403,
0.768291,
0.768179,
0.768068,
0.767956,
0.767844,
0.767732,
0.76762,
0.767509,
0.767397,
0.767285,
0.767173,
0.767061,
0.766949,
0.766837,
0.766725,
0.766613,
0.766501,
0.766389,
0.766277,
0.766165,
0.766052,
0.76594,
0.765828,
0.765716,
0.765604,
0.765491,
0.765379,
0.765267,
0.765154,
0.765042,
0.76493,
0.764817,
0.764705,
0.764592,
0.76448,
0.764367,
0.764255,
0.764142,
0.76403,
0.763917,
0.763804,
0.763692,
0.763579,
0.763466,
0.763354,
0.763241,
0.763128,
0.763015,
0.762903,
0.76279,
0.762677,
0.762564,
0.762451,
0.762338,
0.762225,
0.762112,
0.761999,
0.761886,
0.761773,
0.76166,
0.761547,
0.761434,
0.761321,
0.761208,
0.761094,
0.760981,
0.760868,
0.760755,
0.760642,
0.760528,
0.760415,
0.760302,
0.760188,
0.760075,
0.759961,
0.759848,
0.759735,
0.759621,
0.759508,
0.759394,
0.75928,
0.759167,
0.759053,
0.75894,
0.758826,
0.758712,
0.758599,
0.758485,
0.758371,
0.758258,
0.758144,
0.75803,
0.757916,
0.757802,
0.757688,
0.757574,
0.757461,
0.757347,
0.757233,
0.757119,
0.757005,
0.756891,
0.756777,
0.756662,
0.756548,
0.756434,
0.75632,
0.756206,
0.756092,
0.755978,
0.755863,
0.755749,
0.755635,
0.75552,
0.755406,
0.755292,
0.755177,
0.755063,
0.754948,
0.754834,
0.75472,
0.754605,
0.754491,
0.754376,
0.754261,
0.754147,
0.754032,
0.753918,
0.753803,
0.753688,
0.753574,
0.753459,
0.753344,
0.753229,
0.753115,
0.753,
0.752885,
0.75277,
0.752655,
0.75254,
0.752425,
0.75231,
0.752195,
0.75208,
0.751965,
0.75185,
0.751735,
0.75162,
0.751505,
0.75139,
0.751275,
0.75116,
0.751044,
0.750929,
0.750814,
0.750699,
0.750583,
0.750468,
0.750353,
0.750237,
0.750122,
0.750007,
0.749891,
0.749776,
0.74966,
0.749545,
0.749429,
0.749314,
0.749198,
0.749082,
0.748967,
0.748851,
0.748735,
0.74862,
0.748504,
0.748388,
0.748273,
0.748157,
0.748041,
0.747925,
0.747809,
0.747694,
0.747578,
0.747462,
0.747346,
0.74723,
0.747114,
0.746998,
0.746882,
0.746766,
0.74665,
0.746534,
0.746418,
0.746301,
0.746185,
0.746069,
0.745953,
0.745837,
0.74572,
0.745604,
0.745488,
0.745371,
0.745255,
0.745139,
0.745022,
0.744906,
0.744789,
0.744673,
0.744557,
0.74444,
0.744323,
0.744207,
0.74409,
0.743974,
0.743857,
0.743741,
0.743624,
0.743507,
0.743391,
0.743274,
0.743157,
0.74304,
0.742923,
0.742807,
0.74269,
0.742573,
0.742456,
0.742339,
0.742222,
0.742105,
0.741988,
0.741871,
0.741754,
0.741637,
0.74152,
0.741403,
0.741286,
0.741169,
0.741052,
0.740934,
0.740817,
0.7407,
0.740583,
0.740465,
0.740348,
0.740231,
0.740113,
0.739996,
0.739879,
0.739761,
0.739644,
0.739526,
0.739409,
0.739291,
0.739174,
0.739056,
0.738939,
0.738821,
0.738704,
0.738586,
0.738468,
0.738351,
0.738233,
0.738115,
0.737998,
0.73788,
0.737762,
0.737644,
0.737526,
0.737409,
0.737291,
0.737173,
0.737055,
0.736937,
0.736819,
0.736701,
0.736583,
0.736465,
0.736347,
0.736229,
0.736111,
0.735992,
0.735874,
0.735756,
0.735638,
0.73552,
0.735402,
0.735283,
0.735165,
0.735047,
0.734928,
0.73481,
0.734692,
0.734573,
0.734455,
0.734336,
0.734218,
0.734099,
0.733981,
0.733862,
0.733744,
0.733625,
0.733507,
0.733388,
0.733269,
0.733151,
0.733032,
0.732913,
0.732795,
0.732676,
0.732557,
0.732438,
0.732319,
0.732201,
0.732082,
0.731963,
0.731844,
0.731725,
0.731606,
0.731487,
0.731368,
0.731249,
0.73113,
0.731011,
0.730892,
0.730773,
0.730654,
0.730534,
0.730415,
0.730296,
0.730177,
0.730058,
0.729938,
0.729819,
0.7297,
0.72958,
0.729461,
0.729342,
0.729222,
0.729103,
0.728983,
0.728864,
0.728745,
0.728625,
0.728505,
0.728386,
0.728266,
0.728147,
0.728027,
0.727907,
0.727788,
0.727668,
0.727548,
0.727429,
0.727309,
0.727189,
0.727069,
0.72695,
0.72683,
0.72671,
0.72659,
0.72647,
0.72635,
0.72623,
0.72611,
0.72599,
0.72587,
0.72575,
0.72563,
0.72551,
0.72539,
0.72527,
0.72515,
0.725029,
0.724909,
0.724789,
0.724669,
0.724549,
0.724428,
0.724308,
0.724188,
0.724067,
0.723947,
0.723827,
0.723706,
0.723586,
0.723465,
0.723345,
0.723224,
0.723104,
0.722983,
0.722863,
0.722742,
0.722621,
0.722501,
0.72238,
0.722259,
0.722139,
0.722018,
0.721897,
0.721776,
0.721656,
0.721535,
0.721414,
0.721293,
0.721172,
0.721051,
0.72093,
0.72081,
0.720689,
0.720568,
0.720447,
0.720326,
0.720204,
0.720083,
0.719962,
0.719841,
0.71972,
0.719599,
0.719478,
0.719356,
0.719235,
0.719114,
0.718993,
0.718871,
0.71875,
0.718629,
0.718507,
0.718386,
0.718265,
0.718143,
0.718022,
0.7179,
0.717779,
0.717657,
0.717536,
0.717414,
0.717293,
0.717171,
0.717049,
0.716928,
0.716806,
0.716684,
0.716563,
0.716441,
0.716319,
0.716197,
0.716076,
0.715954,
0.715832,
0.71571,
0.715588,
0.715466,
0.715344,
0.715222,
0.7151,
0.714979,
0.714857,
0.714734,
0.714612,
0.71449,
0.714368,
0.714246,
0.714124,
0.714002,
0.71388,
0.713757,
0.713635,
0.713513,
0.713391,
0.713268,
0.713146,
0.713024,
0.712901,
0.712779,
0.712656,
0.712534,
0.712412,
0.712289,
0.712167,
0.712044,
0.711922,
0.711799,
0.711676,
0.711554,
0.711431,
0.711309,
0.711186,
0.711063,
0.710941,
0.710818,
0.710695,
0.710572,
0.71045,
0.710327,
0.710204,
0.710081,
0.709958,
0.709835,
0.709712,
0.709589,
0.709466,
0.709343,
0.70922,
0.709097,
0.708974,
0.708851,
0.708728,
0.708605,
0.708482,
0.708359,
0.708236,
0.708112,
0.707989,
0.707866,
0.707743,
0.707619,
0.707496,
0.707373,
0.707249,
0.707126,
0.707002,
0.706879,
0.706756,
0.706632,
0.706509,
0.706385,
0.706262,
0.706138,
0.706015,
0.705891,
0.705767,
0.705644,
0.70552,
0.705396,
0.705273,
0.705149,
0.705025,
0.704901,
0.704778,
0.704654,
0.70453,
0.704406,
0.704282,
0.704158,
0.704034,
0.70391,
0.703786,
0.703663,
0.703539,
0.703414,
0.70329,
0.703166,
0.703042,
0.702918,
0.702794,
0.70267,
0.702546,
0.702422,
0.702297,
0.702173,
0.702049,
0.701925,
0.7018,
0.701676,
0.701552,
0.701427,
0.701303,
0.701178,
0.701054,
0.70093,
0.700805,
0.700681,
0.700556,
0.700432,
0.700307,
0.700182,
0.700058,
0.699933,
0.699809,
0.699684,
0.699559,
0.699434,
0.69931,
0.699185,
0.69906,
0.698935,
0.698811,
0.698686,
0.698561,
0.698436,
0.698311,
0.698186,
0.698061,
0.697936,
0.697811,
0.697686,
0.697561,
0.697436,
0.697311,
0.697186,
0.697061,
0.696936,
0.696811,
0.696686,
0.69656,
0.696435,
0.69631,
0.696185,
0.696059,
0.695934,
0.695809,
0.695683,
0.695558,
0.695433,
0.695307,
0.695182,
0.695056,
0.694931,
0.694805,
0.69468,
0.694554,
0.694429,
0.694303,
0.694178,
0.694052,
0.693926,
0.693801,
0.693675,
0.693549,
0.693424,
0.693298,
0.693172,
0.693046,
0.692921,
0.692795,
0.692669,
0.692543,
0.692417,
0.692291,
0.692165,
0.692039,
0.691913,
0.691787,
0.691661,
0.691535,
0.691409,
0.691283,
0.691157,
0.691031,
0.690905,
0.690778,
0.690652,
0.690526,
0.6904,
0.690274,
0.690147,
0.690021,
0.689895,
0.689768,
0.689642,
0.689516,
0.689389,
0.689263,
0.689136,
0.68901,
0.688883,
0.688757,
0.68863,
0.688504,
0.688377,
0.688251,
0.688124,
0.687998,
0.687871,
0.687744,
0.687617,
0.687491,
0.687364,
0.687237,
0.68711,
0.686984,
0.686857,
0.68673,
0.686603,
0.686476,
0.686349,
0.686222,
0.686096,
0.685969,
0.685842,
0.685715,
0.685588,
0.685461,
0.685333,
0.685206,
0.685079,
0.684952,
0.684825,
0.684698,
0.684571,
0.684443,
0.684316,
0.684189,
0.684062,
0.683934,
0.683807,
0.68368,
0.683552,
0.683425,
0.683298,
0.68317,
0.683043,
0.682915,
0.682788,
0.68266,
0.682533,
0.682405,
0.682278,
0.68215,
0.682022,
0.681895,
0.681767,
0.681639,
0.681512,
0.681384,
0.681256,
0.681129,
0.681001,
0.680873,
0.680745,
0.680617,
0.680489,
0.680362,
0.680234,
0.680106,
0.679978,
0.67985,
0.679722,
0.679594,
0.679466,
0.679338,
0.67921,
0.679082,
0.678954,
0.678825,
0.678697,
0.678569,
0.678441,
0.678313,
0.678184,
0.678056,
0.677928,
0.6778,
0.677671,
0.677543,
0.677415,
0.677286,
0.677158,
0.677029,
0.676901,
0.676773,
0.676644,
0.676516,
0.676387,
0.676259,
0.67613,
0.676001,
0.675873,
0.675744,
0.675615,
0.675487,
0.675358,
0.675229,
0.675101,
0.674972,
0.674843,
0.674714,
0.674586,
0.674457,
0.674328,
0.674199,
0.67407,
0.673941,
0.673812,
0.673683,
0.673554,
0.673425,
0.673296,
0.673167,
0.673038,
0.672909,
0.67278,
0.672651,
0.672522,
0.672393,
0.672264,
0.672134,
0.672005,
0.671876,
0.671747,
0.671617,
0.671488,
0.671359,
0.671229,
0.6711,
0.670971,
0.670841,
0.670712,
0.670582,
0.670453,
0.670323,
0.670194,
0.670064,
0.669935,
0.669805,
0.669676,
0.669546,
0.669416,
0.669287,
0.669157,
0.669028,
0.668898,
0.668768,
0.668638,
0.668509,
0.668379,
0.668249,
0.668119,
0.667989,
0.667859,
0.667729,
0.6676,
0.66747,
0.66734,
0.66721,
0.66708,
0.66695,
0.66682,
0.66669,
0.66656,
0.666429,
0.666299,
0.666169,
0.666039,
0.665909,
0.665779,
0.665648,
0.665518,
0.665388,
0.665258,
0.665127,
0.664997,
0.664867,
0.664736,
0.664606,
0.664476,
0.664345,
0.664215,
0.664084,
0.663954,
0.663823,
0.663693,
0.663562,
0.663432,
0.663301,
0.663171,
0.66304,
0.662909,
0.662779,
0.662648,
0.662517,
0.662387,
0.662256,
0.662125,
0.661994,
0.661863,
0.661733,
0.661602,
0.661471,
0.66134,
0.661209,
0.661078,
0.660947,
0.660816,
0.660685,
0.660554,
0.660423,
0.660292,
0.660161,
0.66003,
0.659899,
0.659768,
0.659637,
0.659506,
0.659374,
0.659243,
0.659112,
0.658981,
0.658849,
0.658718,
0.658587,
0.658455,
0.658324,
0.658193,
0.658061,
0.65793,
0.657799,
0.657667,
0.657536,
0.657404,
0.657273,
0.657141,
0.65701,
0.656878,
0.656746,
0.656615,
0.656483,
0.656352,
0.65622,
0.656088,
0.655957,
0.655825,
0.655693,
0.655561,
0.655429,
0.655298,
0.655166,
0.655034,
0.654902,
0.65477,
0.654638,
0.654506,
0.654374,
0.654243,
0.654111,
0.653979,
0.653847,
0.653714,
0.653582,
0.65345,
0.653318,
0.653186,
0.653054,
0.652922,
0.65279,
0.652657,
0.652525,
0.652393,
0.652261,
0.652128,
0.651996,
0.651864,
0.651731,
0.651599,
0.651467,
0.651334,
0.651202,
0.651069,
0.650937,
0.650804,
0.650672,
0.650539,
0.650407,
0.650274,
0.650142,
0.650009,
0.649877,
0.649744,
0.649611,
0.649479,
0.649346,
0.649213,
0.64908,
0.648948,
0.648815,
0.648682,
0.648549,
0.648416,
0.648284,
0.648151,
0.648018,
0.647885,
0.647752,
0.647619,
0.647486,
0.647353,
0.64722,
0.647087,
0.646954,
0.646821,
0.646688,
0.646555,
0.646421,
0.646288,
0.646155,
0.646022,
0.645889,
0.645756,
0.645622,
0.645489,
0.645356,
0.645222,
0.645089,
0.644956,
0.644822,
0.644689,
0.644556,
0.644422,
0.644289,
0.644155,
0.644022,
0.643888,
0.643755,
0.643621,
0.643488,
0.643354,
0.64322,
0.643087,
0.642953,
0.642819,
0.642686,
0.642552,
0.642418,
0.642285,
0.642151,
0.642017,
0.641883,
0.64175,
0.641616,
0.641482,
0.641348,
0.641214,
0.64108,
0.640946,
0.640812,
0.640678,
0.640544,
0.64041,
0.640276,
0.640142,
0.640008,
0.639874,
0.63974,
0.639606,
0.639472,
0.639337,
0.639203,
0.639069,
0.638935,
0.638801,
0.638666,
0.638532,
0.638398,
0.638263,
0.638129,
0.637995,
0.63786,
0.637726,
0.637591,
0.637457,
0.637322,
0.637188,
0.637054,
0.636919,
0.636784,
0.63665,
0.636515,
0.636381,
0.636246,
0.636111,
0.635977,
0.635842,
0.635707,
0.635573,
0.635438,
0.635303,
0.635168,
0.635034,
0.634899,
0.634764,
0.634629,
0.634494,
0.634359,
0.634224,
0.63409,
0.633955,
0.63382,
0.633685,
0.63355,
0.633415,
0.63328,
0.633145,
0.633009,
0.632874,
0.632739,
0.632604,
0.632469,
0.632334,
0.632199,
0.632063,
0.631928,
0.631793,
0.631658,
0.631522,
0.631387,
0.631252,
0.631116,
0.630981,
0.630846,
0.63071,
0.630575,
0.630439,
0.630304,
0.630168,
0.630033,
0.629897,
0.629762,
0.629626,
0.629491,
0.629355,
0.629219,
0.629084,
0.628948,
0.628812,
0.628677,
0.628541,
0.628405,
0.628269,
0.628134,
0.627998,
0.627862,
0.627726,
0.62759,
0.627455,
0.627319,
0.627183,
0.627047,
0.626911,
0.626775,
0.626639,
0.626503,
0.626367,
0.626231,
0.626095,
0.625959,
0.625823,
0.625687,
0.62555,
0.625414,
0.625278,
0.625142,
0.625006,
0.624869,
0.624733,
0.624597,
0.624461,
0.624324,
0.624188,
0.624052,
0.623915,
0.623779,
0.623643,
0.623506,
0.62337,
0.623233,
0.623097,
0.62296,
0.622824,
0.622687,
0.622551,
0.622414,
0.622277,
0.622141,
0.622004,
0.621868,
0.621731,
0.621594,
0.621458,
0.621321,
0.621184,
0.621047,
0.620911,
0.620774,
0.620637,
0.6205,
0.620363,
0.620226,
0.620089,
0.619953,
0.619816,
0.619679,
0.619542,
0.619405,
0.619268,
0.619131,
0.618994,
0.618857,
0.618719,
0.618582,
0.618445,
0.618308,
0.618171,
0.618034,
0.617897,
0.617759,
0.617622,
0.617485,
0.617348,
0.61721,
0.617073,
0.616936,
0.616798,
0.616661,
0.616524,
0.616386,
0.616249,
0.616111,
0.615974,
0.615836,
0.615699,
0.615561,
0.615424,
0.615286,
0.615149,
0.615011,
0.614874,
0.614736,
0.614598,
0.614461,
0.614323,
0.614185,
0.614047,
0.61391,
0.613772,
0.613634,
0.613496,
0.613359,
0.613221,
0.613083,
0.612945,
0.612807,
0.612669,
0.612531,
0.612393,
0.612255,
0.612117,
0.611979,
0.611841,
0.611703,
0.611565,
0.611427,
0.611289,
0.611151,
0.611013,
0.610875,
0.610737,
0.610598,
0.61046,
0.610322,
0.610184,
0.610045,
0.609907,
0.609769,
0.609631,
0.609492,
0.609354,
0.609215,
0.609077,
0.608939,
0.6088,
0.608662,
0.608523,
0.608385,
0.608246,
0.608108,
0.607969,
0.607831,
0.607692,
0.607554,
0.607415,
0.607276,
0.607138,
0.606999,
0.60686,
0.606722,
0.606583,
0.606444,
0.606305,
0.606167,
0.606028,
0.605889,
0.60575,
0.605611,
0.605472,
0.605334,
0.605195,
0.605056,
0.604917,
0.604778,
0.604639,
0.6045,
0.604361,
0.604222,
0.604083,
0.603944,
0.603804,
0.603665,
0.603526,
0.603387,
0.603248,
0.603109,
0.60297,
0.60283,
0.602691,
0.602552,
0.602413,
0.602273,
0.602134,
0.601995,
0.601855,
0.601716,
0.601577,
0.601437,
0.601298,
0.601158,
0.601019,
0.600879,
0.60074,
0.6006,
0.600461,
0.600321,
0.600182,
0.600042,
0.599902,
0.599763,
0.599623,
0.599483,
0.599344,
0.599204,
0.599064,
0.598925,
0.598785,
0.598645,
0.598505,
0.598366,
0.598226,
0.598086,
0.597946,
0.597806,
0.597666,
0.597526,
0.597386,
0.597246,
0.597107,
0.596967,
0.596826,
0.596686,
0.596546,
0.596406,
0.596266,
0.596126,
0.595986,
0.595846,
0.595706,
0.595566,
0.595425,
0.595285,
0.595145,
0.595005,
0.594864,
0.594724,
0.594584,
0.594444,
0.594303,
0.594163,
0.594023,
0.593882,
0.593742,
0.593601,
0.593461,
0.59332,
0.59318,
0.593039,
0.592899,
0.592758,
0.592618,
0.592477,
0.592337,
0.592196,
0.592055,
0.591915,
0.591774,
0.591633,
0.591493,
0.591352,
0.591211,
0.591071,
0.59093,
0.590789,
0.590648,
0.590507,
0.590367,
0.590226,
0.590085,
0.589944,
0.589803,
0.589662,
0.589521,
0.58938,
0.589239,
0.589098,
0.588957,
0.588816,
0.588675,
0.588534,
0.588393,
0.588252,
0.588111,
0.58797,
0.587828,
0.587687,
0.587546,
0.587405,
0.587264,
0.587122,
0.586981,
0.58684,
0.586698,
0.586557,
0.586416,
0.586274,
0.586133,
0.585992,
0.58585,
0.585709,
0.585567,
0.585426,
0.585284,
0.585143,
0.585001,
0.58486,
0.584718,
0.584577,
0.584435,
0.584294,
0.584152,
0.58401,
0.583869,
0.583727,
0.583585,
0.583444,
0.583302,
0.58316,
0.583018,
0.582876,
0.582735,
0.582593,
0.582451,
0.582309,
0.582167,
0.582025,
0.581883,
0.581742,
0.5816,
0.581458,
0.581316,
0.581174,
0.581032,
0.58089,
0.580748,
0.580606,
0.580463,
0.580321,
0.580179,
0.580037,
0.579895,
0.579753,
0.579611,
0.579468,
0.579326,
0.579184,
0.579042,
0.578899,
0.578757,
0.578615,
0.578472,
0.57833,
0.578188,
0.578045,
0.577903,
0.57776,
0.577618,
0.577475,
0.577333,
0.577191,
0.577048,
0.576906,
0.576763,
0.57662,
0.576478,
0.576335,
0.576193,
0.57605,
0.575907,
0.575765,
0.575622,
0.575479,
0.575337,
0.575194,
0.575051,
0.574908,
0.574765,
0.574623,
0.57448,
0.574337,
0.574194,
0.574051,
0.573908,
0.573765,
0.573623,
0.57348,
0.573337,
0.573194,
0.573051,
0.572908,
0.572765,
0.572622,
0.572478,
0.572335,
0.572192,
0.572049,
0.571906,
0.571763,
0.57162,
0.571477,
0.571333,
0.57119,
0.571047,
0.570904,
0.57076,
0.570617,
0.570474,
0.57033,
0.570187,
0.570044,
0.5699,
0.569757,
0.569613,
0.56947,
0.569327,
0.569183,
0.56904,
0.568896,
0.568752,
0.568609,
0.568465,
0.568322,
0.568178,
0.568035,
0.567891,
0.567747,
0.567604,
0.56746,
0.567316,
0.567173,
0.567029,
0.566885,
0.566741,
0.566598,
0.566454,
0.56631,
0.566166,
0.566022,
0.565878,
0.565735,
0.565591,
0.565447,
0.565303,
0.565159,
0.565015,
0.564871,
0.564727,
0.564583,
0.564439,
0.564295,
0.564151,
0.564007,
0.563863,
0.563718,
0.563574,
0.56343,
0.563286,
0.563142,
0.562997,
0.562853,
0.562709,
0.562565,
0.56242,
0.562276,
0.562132,
0.561988,
0.561843,
0.561699,
0.561554,
0.56141,
0.561266,
0.561121,
0.560977,
0.560832,
0.560688,
0.560543,
0.560399,
0.560254,
0.56011,
0.559965,
0.55982,
0.559676,
0.559531,
0.559387,
0.559242,
0.559097,
0.558953,
0.558808,
0.558663,
0.558518,
0.558374,
0.558229,
0.558084,
0.557939,
0.557794,
0.55765,
0.557505,
0.55736,
0.557215,
0.55707,
0.556925,
0.55678,
0.556635,
0.55649,
0.556345,
0.5562,
0.556055,
0.55591,
0.555765,
0.55562,
0.555475,
0.55533,
0.555185,
0.55504,
0.554894,
0.554749,
0.554604,
0.554459,
0.554314,
0.554168,
0.554023,
0.553878,
0.553732,
0.553587,
0.553442,
0.553296,
0.553151,
0.553006,
0.55286,
0.552715,
0.55257,
0.552424,
0.552279,
0.552133,
0.551988,
0.551842,
0.551697,
0.551551,
0.551405,
0.55126,
0.551114,
0.550969,
0.550823,
0.550677,
0.550532,
0.550386,
0.55024,
0.550094,
0.549949,
0.549803,
0.549657,
0.549511,
0.549366,
0.54922,
0.549074,
0.548928,
0.548782,
0.548636,
0.548491,
0.548345,
0.548199,
0.548053,
0.547907,
0.547761,
0.547615,
0.547469,
0.547323,
0.547177,
0.547031,
0.546884,
0.546738,
0.546592,
0.546446,
0.5463,
0.546154,
0.546008,
0.545861,
0.545715,
0.545569,
0.545423,
0.545276,
0.54513,
0.544984,
0.544837,
0.544691,
0.544545,
0.544398,
0.544252,
0.544106,
0.543959,
0.543813,
0.543666,
0.54352,
0.543373,
0.543227,
0.54308,
0.542934,
0.542787,
0.542641,
0.542494,
0.542347,
0.542201,
0.542054,
0.541908,
0.541761,
0.541614,
0.541468,
0.541321,
0.541174,
0.541027,
0.540881,
0.540734,
0.540587,
0.54044,
0.540293,
0.540147,
0.54,
0.539853,
0.539706,
0.539559,
0.539412,
0.539265,
0.539118,
0.538971,
0.538824,
0.538677,
0.53853,
0.538383,
0.538236,
0.538089,
0.537942,
0.537795,
0.537647,
0.5375,
0.537353,
0.537206,
0.537059,
0.536912,
0.536764,
0.536617,
0.53647,
0.536323,
0.536175,
0.536028,
0.535881,
0.535733,
0.535586,
0.535439,
0.535291,
0.535144,
0.534996,
0.534849,
0.534702,
0.534554,
0.534407,
0.534259,
0.534112,
0.533964,
0.533817,
0.533669,
0.533521,
0.533374,
0.533226,
0.533078,
0.532931,
0.532783,
0.532636,
0.532488,
0.53234,
0.532192,
0.532045,
0.531897,
0.531749,
0.531601,
0.531453,
0.531306,
0.531158,
0.53101,
0.530862,
0.530714,
0.530566,
0.530418,
0.53027,
0.530122,
0.529974,
0.529826,
0.529678,
0.52953,
0.529382,
0.529234,
0.529086,
0.528938,
0.52879,
0.528642,
0.528494,
0.528346,
0.528198,
0.528049,
0.527901,
0.527753,
0.527605,
0.527456,
0.527308,
0.52716,
0.527012,
0.526863,
0.526715,
0.526567,
0.526418,
0.52627,
0.526121,
0.525973,
0.525825,
0.525676,
0.525528,
0.525379,
0.525231,
0.525082,
0.524934,
0.524785,
0.524637,
0.524488,
0.52434,
0.524191,
0.524042,
0.523894,
0.523745,
0.523596,
0.523448,
0.523299,
0.52315,
0.523002,
0.522853,
0.522704,
0.522555,
0.522407,
0.522258,
0.522109,
0.52196,
0.521811,
0.521662,
0.521513,
0.521365,
0.521216,
0.521067,
0.520918,
0.520769,
0.52062,
0.520471,
0.520322,
0.520173,
0.520024,
0.519875,
0.519726,
0.519576,
0.519427,
0.519278,
0.519129,
0.51898,
0.518831,
0.518682,
0.518532,
0.518383,
0.518234,
0.518085,
0.517935,
0.517786,
0.517637,
0.517488,
0.517338,
0.517189,
0.517039,
0.51689,
0.516741,
0.516591,
0.516442,
0.516292,
0.516143,
0.515993,
0.515844,
0.515695,
0.515545,
0.515395,
0.515246,
0.515096,
0.514947,
0.514797,
0.514648,
0.514498,
0.514348,
0.514199,
0.514049,
0.513899,
0.51375,
0.5136,
0.51345,
0.5133,
0.513151,
0.513001,
0.512851,
0.512701,
0.512551,
0.512401,
0.512252,
0.512102,
0.511952,
0.511802,
0.511652,
0.511502,
0.511352,
0.511202,
0.511052,
0.510902,
0.510752,
0.510602,
0.510452,
0.510302,
0.510152,
0.510002,
0.509852,
0.509702,
0.509551,
0.509401,
0.509251,
0.509101,
0.508951,
0.508801,
0.50865,
0.5085,
0.50835,
0.5082,
0.508049,
0.507899,
0.507749,
0.507598,
0.507448,
0.507298,
0.507147,
0.506997,
0.506846,
0.506696,
0.506545,
0.506395,
0.506244,
0.506094,
0.505943,
0.505793,
0.505642,
0.505492,
0.505341,
0.505191,
0.50504,
0.504889,
0.504739,
0.504588,
0.504437,
0.504287,
0.504136,
0.503985,
0.503835,
0.503684,
0.503533,
0.503382,
0.503232,
0.503081,
0.50293,
0.502779,
0.502628,
0.502477,
0.502326,
0.502176,
0.502025,
0.501874,
0.501723,
0.501572,
0.501421,
0.50127,
0.501119,
0.500968,
0.500817,
0.500666,
0.500515,
0.500364,
0.500213,
0.500061,
0.49991,
0.499759,
0.499608,
0.499457,
0.499306,
0.499154,
0.499003,
0.498852,
0.498701,
0.498549,
0.498398,
0.498247,
0.498096,
0.497944,
0.497793,
0.497642,
0.49749,
0.497339,
0.497187,
0.497036,
0.496885,
0.496733,
0.496582,
0.49643,
0.496279,
0.496127,
0.495976,
0.495824,
0.495673,
0.495521,
0.495369,
0.495218,
0.495066,
0.494915,
0.494763,
0.494611,
0.49446,
0.494308,
0.494156,
0.494004,
0.493853,
0.493701,
0.493549,
0.493398,
0.493246,
0.493094,
0.492942,
0.49279,
0.492638,
0.492487,
0.492335,
0.492183,
0.492031,
0.491879,
0.491727,
0.491575,
0.491423,
0.491271,
0.491119,
0.490967,
0.490815,
0.490663,
0.490511,
0.490359,
0.490207,
0.490055,
0.489903,
0.48975,
0.489598,
0.489446,
0.489294,
0.489142,
0.48899,
0.488837,
0.488685,
0.488533,
0.48838,
0.488228,
0.488076,
0.487924,
0.487771,
0.487619,
0.487467,
0.487314,
0.487162,
0.487009,
0.486857,
0.486705,
0.486552,
0.4864,
0.486247,
0.486095,
0.485942,
0.48579,
0.485637,
0.485485,
0.485332,
0.485179,
0.485027,
0.484874,
0.484722,
0.484569,
0.484416,
0.484264,
0.484111,
0.483958,
0.483806,
0.483653,
0.4835,
0.483347,
0.483195,
0.483042,
0.482889,
0.482736,
0.482583,
0.48243,
0.482278,
0.482125,
0.481972,
0.481819,
0.481666,
0.481513,
0.48136,
0.481207,
0.481054,
0.480901,
0.480748,
0.480595,
0.480442,
0.480289,
0.480136,
0.479983,
0.47983,
0.479677,
0.479524,
0.47937,
0.479217,
0.479064,
0.478911,
0.478758,
0.478604,
0.478451,
0.478298,
0.478145,
0.477992,
0.477838,
0.477685,
0.477532,
0.477378,
0.477225,
0.477072,
0.476918,
0.476765,
0.476611,
0.476458,
0.476305,
0.476151,
0.475998,
0.475844,
0.475691,
0.475537,
0.475384,
0.47523,
0.475077,
0.474923,
0.474769,
0.474616,
0.474462,
0.474309,
0.474155,
0.474001,
0.473848,
0.473694,
0.47354,
0.473387,
0.473233,
0.473079,
0.472925,
0.472772,
0.472618,
0.472464,
0.47231,
0.472156,
0.472003,
0.471849,
0.471695,
0.471541,
0.471387,
0.471233,
0.471079,
0.470925,
0.470771,
0.470618,
0.470464,
0.47031,
0.470156,
0.470001,
0.469847,
0.469693,
0.469539,
0.469385,
0.469231,
0.469077,
0.468923,
0.468769,
0.468615,
0.468461,
0.468306,
0.468152,
0.467998,
0.467844,
0.46769,
0.467535,
0.467381,
0.467227,
0.467072,
0.466918,
0.466764,
0.466609,
0.466455,
0.466301,
0.466146,
0.465992,
0.465837,
0.465683,
0.465529,
0.465374,
0.46522,
0.465065,
0.464911,
0.464756,
0.464602,
0.464447,
0.464293,
0.464138,
0.463984,
0.463829,
0.463674,
0.46352,
0.463365,
0.46321,
0.463056,
0.462901,
0.462747,
0.462592,
0.462437,
0.462282,
0.462128,
0.461973,
0.461818,
0.461663,
0.461508,
0.461354,
0.461199,
0.461044,
0.460889,
0.460734,
0.460579,
0.460424,
0.46027,
0.460115,
0.45996,
0.459805,
0.45965,
0.459495,
0.45934,
0.459185,
0.45903,
0.458875,
0.45872,
0.458565,
0.458409,
0.458254,
0.458099,
0.457944,
0.457789,
0.457634,
0.457479,
0.457323,
0.457168,
0.457013,
0.456858,
0.456703,
0.456547,
0.456392,
0.456237,
0.456082,
0.455926,
0.455771,
0.455616,
0.45546,
0.455305,
0.45515,
0.454994,
0.454839,
0.454683,
0.454528,
0.454372,
0.454217,
0.454061,
0.453906,
0.453751,
0.453595,
0.45344,
0.453284,
0.453128,
0.452973,
0.452817,
0.452662,
0.452506,
0.45235,
0.452195,
0.452039,
0.451884,
0.451728,
0.451572,
0.451416,
0.451261,
0.451105,
0.450949,
0.450793,
0.450638,
0.450482,
0.450326,
0.45017,
0.450014,
0.449859,
0.449703,
0.449547,
0.449391,
0.449235,
0.449079,
0.448923,
0.448767,
0.448611,
0.448455,
0.448299,
0.448143,
0.447987,
0.447831,
0.447675,
0.447519,
0.447363,
0.447207,
0.447051,
0.446895,
0.446739,
0.446583,
0.446427,
0.44627,
0.446114,
0.445958,
0.445802,
0.445646,
0.445489,
0.445333,
0.445177,
0.445021,
0.444864,
0.444708,
0.444552,
0.444396,
0.444239,
0.444083,
0.443927,
0.44377,
0.443614,
0.443457,
0.443301,
0.443144,
0.442988,
0.442832,
0.442675,
0.442519,
0.442362,
0.442206,
0.442049,
0.441893,
0.441736,
0.441579,
0.441423,
0.441266,
0.44111,
0.440953,
0.440796,
0.44064,
0.440483,
0.440326,
0.44017,
0.440013,
0.439856,
0.4397,
0.439543,
0.439386,
0.439229,
0.439073,
0.438916,
0.438759,
0.438602,
0.438445,
0.438289,
0.438132,
0.437975,
0.437818,
0.437661,
0.437504,
0.437347,
0.43719,
0.437033,
0.436876,
0.436719,
0.436562,
0.436405,
0.436248,
0.436091,
0.435933,
0.435776,
0.435619,
0.435462,
0.435305,
0.435148,
0.434991,
0.434833,
0.434676,
0.434519,
0.434362,
0.434204,
0.434047,
0.43389,
0.433733,
0.433575,
0.433418,
0.433261,
0.433103,
0.432946,
0.432789,
0.432631,
0.432474,
0.432316,
0.432159,
0.432002,
0.431844,
0.431687,
0.431529,
0.431372,
0.431214,
0.431057,
0.430899,
0.430742,
0.430584,
0.430426,
0.430269,
0.430111,
0.429954,
0.429796,
0.429638,
0.429481,
0.429323,
0.429166,
0.429008,
0.42885,
0.428692,
0.428535,
0.428377,
0.428219,
0.428061,
0.427904,
0.427746,
0.427588,
0.42743,
0.427272,
0.427115,
0.426957,
0.426799,
0.426641,
0.426483,
0.426325,
0.426167,
0.426009,
0.425851,
0.425693,
0.425536,
0.425377,
0.42522,
0.425062,
0.424903,
0.424745,
0.424587,
0.424429,
0.424271,
0.424113,
0.423955,
0.423797,
0.423639,
0.423481,
0.423323,
0.423164,
0.423006,
0.422848,
0.42269,
0.422532,
0.422373,
0.422215,
0.422057,
0.421899,
0.42174,
0.421582,
0.421424,
0.421265,
0.421107,
0.420949,
0.42079,
0.420632,
0.420474,
0.420315,
0.420157,
0.419998,
0.41984,
0.419682,
0.419523,
0.419365,
0.419206,
0.419048,
0.418889,
0.418731,
0.418572,
0.418414,
0.418255,
0.418096,
0.417938,
0.417779,
0.417621,
0.417462,
0.417303,
0.417145,
0.416986,
0.416827,
0.416669,
0.41651,
0.416351,
0.416193,
0.416034,
0.415875,
0.415716,
0.415558,
0.415399,
0.41524,
0.415081,
0.414922,
0.414763,
0.414605,
0.414446,
0.414287,
0.414128,
0.413969,
0.41381,
0.413651,
0.413492,
0.413333,
0.413174,
0.413015,
0.412856,
0.412697,
0.412538,
0.412379,
0.41222,
0.412061,
0.411902,
0.411743,
0.411584,
0.411425,
0.411266,
0.411107,
0.410947,
0.410788,
0.410629,
0.41047,
0.410311,
0.410152,
0.409992,
0.409833,
0.409674,
0.409515,
0.409355,
0.409196,
0.409037,
0.408878,
0.408718,
0.408559,
0.408399,
0.40824,
0.408081,
0.407921,
0.407762,
0.407603,
0.407443,
0.407284,
0.407124,
0.406965,
0.406805,
0.406646,
0.406486,
0.406327,
0.406167,
0.406008,
0.405848,
0.405689,
0.405529,
0.40537,
0.40521,
0.40505,
0.404891,
0.404731,
0.404572,
0.404412,
0.404252,
0.404093,
0.403933,
0.403773,
0.403613,
0.403454,
0.403294,
0.403134,
0.402974,
0.402815,
0.402655,
0.402495,
0.402335,
0.402176,
0.402016,
0.401856,
0.401696,
0.401536,
0.401376,
0.401216,
0.401056,
0.400896,
0.400737,
0.400577,
0.400417,
0.400257,
0.400097,
0.399937,
0.399777,
0.399617,
0.399457,
0.399297,
0.399136,
0.398976,
0.398816,
0.398656,
0.398496,
0.398336,
0.398176,
0.398016,
0.397856,
0.397696,
0.397535,
0.397375,
0.397215,
0.397055,
0.396894,
0.396734,
0.396574,
0.396414,
0.396253,
0.396093,
0.395933,
0.395773,
0.395612,
0.395452,
0.395292,
0.395131,
0.394971,
0.39481,
0.39465,
0.39449,
0.394329,
0.394169,
0.394008,
0.393848,
0.393687,
0.393527,
0.393366,
0.393206,
0.393045,
0.392885,
0.392724,
0.392564,
0.392403,
0.392243,
0.392082,
0.391921,
0.391761,
0.3916,
0.39144,
0.391279,
0.391118,
0.390958,
0.390797,
0.390636,
0.390476,
0.390315,
0.390154,
0.389993,
0.389833,
0.389672,
0.389511,
0.38935,
0.389189,
0.389029,
0.388868,
0.388707,
0.388546,
0.388385,
0.388224,
0.388064,
0.387903,
0.387742,
0.387581,
0.38742,
0.387259,
0.387098,
0.386937,
0.386776,
0.386615,
0.386454,
0.386293,
0.386132,
0.385971,
0.38581,
0.385649,
0.385488,
0.385327,
0.385166,
0.385005,
0.384843,
0.384682,
0.384521,
0.38436,
0.384199,
0.384038,
0.383876,
0.383715,
0.383554,
0.383393,
0.383232,
0.38307,
0.382909,
0.382748,
0.382587,
0.382425,
0.382264,
0.382103,
0.381941,
0.38178,
0.381618,
0.381457,
0.381296,
0.381134,
0.380973,
0.380812,
0.38065,
0.380489,
0.380327,
0.380166,
0.380004,
0.379843,
0.379681,
0.37952,
0.379358,
0.379197,
0.379035,
0.378874,
0.378712,
0.378551,
0.378389,
0.378227,
0.378066,
0.377904,
0.377743,
0.377581,
0.377419,
0.377258,
0.377096,
0.376934,
0.376773,
0.376611,
0.376449,
0.376287,
0.376126,
0.375964,
0.375802,
0.37564,
0.375479,
0.375317,
0.375155,
0.374993,
0.374831,
0.374669,
0.374508,
0.374346,
0.374184,
0.374022,
0.37386,
0.373698,
0.373536,
0.373374,
0.373212,
0.37305,
0.372888,
0.372726,
0.372564,
0.372402,
0.37224,
0.372078,
0.371916,
0.371754,
0.371592,
0.37143,
0.371268,
0.371106,
0.370944,
0.370782,
0.37062,
0.370457,
0.370295,
0.370133,
0.369971,
0.369809,
0.369647,
0.369484,
0.369322,
0.36916,
0.368998,
0.368835,
0.368673,
0.368511,
0.368349,
0.368186,
0.368024,
0.367862,
0.367699,
0.367537,
0.367374,
0.367212,
0.36705,
0.366887,
0.366725,
0.366563,
0.3664,
0.366238,
0.366075,
0.365913,
0.36575,
0.365588,
0.365425,
0.365263,
0.3651,
0.364938,
0.364775,
0.364613,
0.36445,
0.364288,
0.364125,
0.363962,
0.3638,
0.363637,
0.363475,
0.363312,
0.363149,
0.362987,
0.362824,
0.362661,
0.362499,
0.362336,
0.362173,
0.36201,
0.361848,
0.361685,
0.361522,
0.361359,
0.361197,
0.361034,
0.360871,
0.360708,
0.360545,
0.360383,
0.36022,
0.360057,
0.359894,
0.359731,
0.359568,
0.359405,
0.359242,
0.35908,
0.358917,
0.358754,
0.358591,
0.358428,
0.358265,
0.358102,
0.357939,
0.357776,
0.357613,
0.35745,
0.357287,
0.357124,
0.356961,
0.356797,
0.356634,
0.356471,
0.356308,
0.356145,
0.355982,
0.355819,
0.355656,
0.355493,
0.355329,
0.355166,
0.355003,
0.35484,
0.354677,
0.354513,
0.35435,
0.354187,
0.354024,
0.35386,
0.353697,
0.353534,
0.35337,
0.353207,
0.353044,
0.352881,
0.352717,
0.352554,
0.35239,
0.352227,
0.352064,
0.3519,
0.351737,
0.351573,
0.35141,
0.351246,
0.351083,
0.35092,
0.350756,
0.350593,
0.350429,
0.350266,
0.350102,
0.349939,
0.349775,
0.349611,
0.349448,
0.349284,
0.349121,
0.348957,
0.348794,
0.34863,
0.348466,
0.348303,
0.348139,
0.347975,
0.347812,
0.347648,
0.347484,
0.347321,
0.347157,
0.346993,
0.34683,
0.346666,
0.346502,
0.346338,
0.346175,
0.346011,
0.345847,
0.345683,
0.345519,
0.345356,
0.345192,
0.345028,
0.344864,
0.3447,
0.344536,
0.344372,
0.344208,
0.344045,
0.343881,
0.343717,
0.343553,
0.343389,
0.343225,
0.343061,
0.342897,
0.342733,
0.342569,
0.342405,
0.342241,
0.342077,
0.341913,
0.341749,
0.341585,
0.341421,
0.341256,
0.341092,
0.340928,
0.340764,
0.3406,
0.340436,
0.340272,
0.340108,
0.339943,
0.339779,
0.339615,
0.339451,
0.339287,
0.339122,
0.338958,
0.338794,
0.33863,
0.338465,
0.338301,
0.338137,
0.337973,
0.337808,
0.337644,
0.33748,
0.337315,
0.337151,
0.336987,
0.336822,
0.336658,
0.336493,
0.336329,
0.336165,
0.336,
0.335836,
0.335671,
0.335507,
0.335343,
0.335178,
0.335014,
0.334849,
0.334685,
0.33452,
0.334356,
0.334191,
0.334026,
0.333862,
0.333697,
0.333533,
0.333368,
0.333204,
0.333039,
0.332875,
0.33271,
0.332545,
0.332381,
0.332216,
0.332051,
0.331887,
0.331722,
0.331557,
0.331393,
0.331228,
0.331063,
0.330898,
0.330734,
0.330569,
0.330404,
0.330239,
0.330075,
0.32991,
0.329745,
0.32958,
0.329415,
0.329251,
0.329086,
0.328921,
0.328756,
0.328591,
0.328426,
0.328261,
0.328096,
0.327932,
0.327767,
0.327602,
0.327437,
0.327272,
0.327107,
0.326942,
0.326777,
0.326612,
0.326447,
0.326282,
0.326117,
0.325952,
0.325787,
0.325622,
0.325457,
0.325292,
0.325126,
0.324961,
0.324796,
0.324631,
0.324466,
0.324301,
0.324136,
0.323971,
0.323806,
0.32364,
0.323475,
0.32331,
0.323145,
0.32298,
0.322814,
0.322649,
0.322484,
0.322319,
0.322153,
0.321988,
0.321823,
0.321657,
0.321492,
0.321327,
0.321162,
0.320996,
0.320831,
0.320666,
0.3205,
0.320335,
0.320169,
0.320004,
0.319839,
0.319673,
0.319508,
0.319342,
0.319177,
0.319012,
0.318846,
0.318681,
0.318515,
0.31835,
0.318184,
0.318019,
0.317853,
0.317688,
0.317522,
0.317357,
0.317191,
0.317025,
0.31686,
0.316694,
0.316529,
0.316363,
0.316197,
0.316032,
0.315866,
0.315701,
0.315535,
0.315369,
0.315204,
0.315038,
0.314872,
0.314707,
0.314541,
0.314375,
0.314209,
0.314044,
0.313878,
0.313712,
0.313547,
0.313381,
0.313215,
0.313049,
0.312883,
0.312718,
0.312552,
0.312386,
0.31222,
0.312054,
0.311888,
0.311722,
0.311557,
0.311391,
0.311225,
0.311059,
0.310893,
0.310727,
0.310561,
0.310395,
0.310229,
0.310063,
0.309897,
0.309731,
0.309565,
0.309399,
0.309233,
0.309067,
0.308901,
0.308735,
0.308569,
0.308403,
0.308237,
0.308071,
0.307905,
0.307739,
0.307573,
0.307407,
0.30724,
0.307074,
0.306908,
0.306742,
0.306576,
0.30641,
0.306244,
0.306077,
0.305911,
0.305745,
0.305579,
0.305413,
0.305246,
0.30508,
0.304914,
0.304747,
0.304581,
0.304415,
0.304249,
0.304082,
0.303916,
0.30375,
0.303583,
0.303417,
0.303251,
0.303084,
0.302918,
0.302752,
0.302585,
0.302419,
0.302252,
0.302086,
0.30192,
0.301753,
0.301587,
0.30142,
0.301254,
0.301087,
0.300921,
0.300754,
0.300588,
0.300421,
0.300255,
0.300088,
0.299922,
0.299755,
0.299589,
0.299422,
0.299256,
0.299089,
0.298922,
0.298756,
0.298589,
0.298423,
0.298256,
0.298089,
0.297923,
0.297756,
0.29759,
0.297423,
0.297256,
0.29709,
0.296923,
0.296756,
0.296589,
0.296423,
0.296256,
0.296089,
0.295922,
0.295756,
0.295589,
0.295422,
0.295255,
0.295089,
0.294922,
0.294755,
0.294588,
0.294421,
0.294254,
0.294088,
0.293921,
0.293754,
0.293587,
0.29342,
0.293253,
0.293086,
0.292919,
0.292753,
0.292586,
0.292419,
0.292252,
0.292085,
0.291918,
0.291751,
0.291584,
0.291417,
0.29125,
0.291083,
0.290916,
0.290749,
0.290582,
0.290415,
0.290248,
0.290081,
0.289914,
0.289746,
0.289579,
0.289412,
0.289245,
0.289078,
0.288911,
0.288744,
0.288577,
0.28841,
0.288242,
0.288075,
0.287908,
0.287741,
0.287574,
0.287407,
0.287239,
0.287072,
0.286905,
0.286738,
0.28657,
0.286403,
0.286236,
0.286069,
0.285901,
0.285734,
0.285567,
0.285399,
0.285232,
0.285065,
0.284898,
0.28473,
0.284563,
0.284395,
0.284228,
0.284061,
0.283893,
0.283726,
0.283558,
0.283391,
0.283224,
0.283056,
0.282889,
0.282721,
0.282554,
0.282386,
0.282219,
0.282052,
0.281884,
0.281717,
0.281549,
0.281381,
0.281214,
0.281046,
0.280879,
0.280711,
0.280544,
0.280376,
0.280209,
0.280041,
0.279874,
0.279706,
0.279538,
0.279371,
0.279203,
0.279035,
0.278868,
0.2787,
0.278532,
0.278365,
0.278197,
0.278029,
0.277862,
0.277694,
0.277526,
0.277359,
0.277191,
0.277023,
0.276855,
0.276688,
0.27652,
0.276352,
0.276184,
0.276017,
0.275849,
0.275681,
0.275513,
0.275345,
0.275178,
0.27501,
0.274842,
0.274674,
0.274506,
0.274338,
0.27417,
0.274003,
0.273835,
0.273667,
0.273499,
0.273331,
0.273163,
0.272995,
0.272827,
0.272659,
0.272491,
0.272323,
0.272155,
0.271987,
0.271819,
0.271651,
0.271483,
0.271315,
0.271147,
0.270979,
0.270811,
0.270643,
0.270475,
0.270307,
0.270139,
0.269971,
0.269803,
0.269635,
0.269467,
0.269298,
0.26913,
0.268962,
0.268794,
0.268626,
0.268458,
0.26829,
0.268121,
0.267953,
0.267785,
0.267617,
0.267449,
0.26728,
0.267112,
0.266944,
0.266776,
0.266607,
0.266439,
0.266271,
0.266103,
0.265934,
0.265766,
0.265598,
0.265429,
0.265261,
0.265093,
0.264924,
0.264756,
0.264588,
0.264419,
0.264251,
0.264083,
0.263914,
0.263746,
0.263578,
0.263409,
0.263241,
0.263072,
0.262904,
0.262736,
0.262567,
0.262399,
0.26223,
0.262062,
0.261893,
0.261725,
0.261556,
0.261388,
0.261219,
0.261051,
0.260882,
0.260714,
0.260545,
0.260377,
0.260208,
0.260039,
0.259871,
0.259702,
0.259534,
0.259365,
0.259196,
0.259028,
0.258859,
0.258691,
0.258522,
0.258353,
0.258185,
0.258016,
0.257847,
0.257679,
0.25751,
0.257341,
0.257173,
0.257004,
0.256835,
0.256667,
0.256498,
0.256329,
0.25616,
0.255992,
0.255823,
0.255654,
0.255485,
0.255317,
0.255148,
0.254979,
0.25481,
0.254641,
0.254473,
0.254304,
0.254135,
0.253966,
0.253797,
0.253628,
0.25346,
0.253291,
0.253122,
0.252953,
0.252784,
0.252615,
0.252446,
0.252277,
0.252108,
0.251939,
0.25177,
0.251601,
0.251432,
0.251263,
0.251095,
0.250926,
0.250757,
0.250588,
0.250419,
0.25025,
0.250081,
0.249911,
0.249742,
0.249573,
0.249404,
0.249235,
0.249066,
0.248897,
0.248728,
0.248559,
0.24839,
0.248221,
0.248052,
0.247883,
0.247713,
0.247544,
0.247375,
0.247206,
0.247037,
0.246868,
0.246699,
0.246529,
0.24636,
0.246191,
0.246022,
0.245853,
0.245683,
0.245514,
0.245345,
0.245176,
0.245006,
0.244837,
0.244668,
0.244499,
0.244329,
0.24416,
0.243991,
0.243822,
0.243652,
0.243483,
0.243314,
0.243144,
0.242975,
0.242806,
0.242636,
0.242467,
0.242297,
0.242128,
0.241959,
0.241789,
0.24162,
0.241451,
0.241281,
0.241112,
0.240942,
0.240773,
0.240603,
0.240434,
0.240264,
0.240095,
0.239926,
0.239756,
0.239587,
0.239417,
0.239248,
0.239078,
0.238909,
0.238739,
0.23857,
0.2384,
0.238231,
0.238061,
0.237891,
0.237722,
0.237552,
0.237383,
0.237213,
0.237044,
0.236874,
0.236704,
0.236535,
0.236365,
0.236196,
0.236026,
0.235856,
0.235687,
0.235517,
0.235347,
0.235178,
0.235008,
0.234838,
0.234668,
0.234499,
0.234329,
0.234159,
0.23399,
0.23382,
0.23365,
0.23348,
0.233311,
0.233141,
0.232971,
0.232801,
0.232632,
0.232462,
0.232292,
0.232122,
0.231953,
0.231783,
0.231613,
0.231443,
0.231273,
0.231103,
0.230933,
0.230764,
0.230594,
0.230424,
0.230254,
0.230084,
0.229914,
0.229744,
0.229574,
0.229405,
0.229235,
0.229065,
0.228895,
0.228725,
0.228555,
0.228385,
0.228215,
0.228045,
0.227875,
0.227705,
0.227535,
0.227365,
0.227195,
0.227025,
0.226855,
0.226685,
0.226515,
0.226345,
0.226175,
0.226005,
0.225835,
0.225665,
0.225495,
0.225325,
0.225155,
0.224984,
0.224814,
0.224644,
0.224474,
0.224304,
0.224134,
0.223964,
0.223794,
0.223623,
0.223453,
0.223283,
0.223113,
0.222943,
0.222773,
0.222602,
0.222432,
0.222262,
0.222092,
0.221922,
0.221751,
0.221581,
0.221411,
0.221241,
0.22107,
0.2209,
0.22073,
0.22056,
0.220389,
0.220219,
0.220049,
0.219878,
0.219708,
0.219538,
0.219368,
0.219197,
0.219027,
0.218857,
0.218686,
0.218516,
0.218346,
0.218175,
0.218005,
0.217834,
0.217664,
0.217494,
0.217323,
0.217153,
0.216982,
0.216812,
0.216642,
0.216471,
0.216301,
0.21613,
0.21596,
0.215789,
0.215619,
0.215449,
0.215278,
0.215108,
0.214937,
0.214767,
0.214596,
0.214426,
0.214255,
0.214085,
0.213914,
0.213743,
0.213573,
0.213402,
0.213232,
0.213061,
0.212891,
0.21272,
0.21255,
0.212379,
0.212208,
0.212038,
0.211867,
0.211697,
0.211526,
0.211355,
0.211185,
0.211014,
0.210843,
0.210673,
0.210502,
0.210331,
0.210161,
0.20999,
0.209819,
0.209649,
0.209478,
0.209307,
0.209137,
0.208966,
0.208795,
0.208625,
0.208454,
0.208283,
0.208112,
0.207942,
0.207771,
0.2076,
0.207429,
0.207259,
0.207088,
0.206917,
0.206746,
0.206575,
0.206405,
0.206234,
0.206063,
0.205892,
0.205721,
0.20555,
0.205379,
0.205209,
0.205038,
0.204867,
0.204696,
0.204525,
0.204354,
0.204183,
0.204013,
0.203842,
0.203671,
0.2035,
0.203329,
0.203158,
0.202987,
0.202816,
0.202645,
0.202474,
0.202303,
0.202132,
0.201961,
0.20179,
0.201619,
0.201448,
0.201277,
0.201106,
0.200935,
0.200764,
0.200593,
0.200422,
0.200251,
0.20008,
0.199909,
0.199738,
0.199567,
0.199396,
0.199225,
0.199054,
0.198883,
0.198712,
0.198541,
0.19837,
0.198198,
0.198027,
0.197856,
0.197685,
0.197514,
0.197343,
0.197172,
0.197001,
0.196829,
0.196658,
0.196487,
0.196316,
0.196145,
0.195973,
0.195802,
0.195631,
0.19546,
0.195289,
0.195117,
0.194946,
0.194775,
0.194604,
0.194433,
0.194261,
0.19409,
0.193919,
0.193748,
0.193576,
0.193405,
0.193234,
0.193062,
0.192891,
0.19272,
0.192549,
0.192377,
0.192206,
0.192035,
0.191863,
0.191692,
0.191521,
0.191349,
0.191178,
0.191007,
0.190835,
0.190664,
0.190493,
0.190321,
0.19015,
0.189978,
0.189807,
0.189636,
0.189464,
0.189293,
0.189121,
0.18895,
0.188778,
0.188607,
0.188436,
0.188264,
0.188093,
0.187921,
0.18775,
0.187578,
0.187407,
0.187235,
0.187064,
0.186892,
0.186721,
0.186549,
0.186378,
0.186206,
0.186035,
0.185863,
0.185692,
0.18552,
0.185349,
0.185177,
0.185006,
0.184834,
0.184663,
0.184491,
0.184319,
0.184148,
0.183976,
0.183805,
0.183633,
0.183461,
0.18329,
0.183118,
0.182947,
0.182775,
0.182603,
0.182432,
0.18226,
0.182088,
0.181917,
0.181745,
0.181573,
0.181402,
0.18123,
0.181058,
0.180887,
0.180715,
0.180543,
0.180372,
0.1802,
0.180028,
0.179856,
0.179685,
0.179513,
0.179341,
0.17917,
0.178998,
0.178826,
0.178654,
0.178482,
0.178311,
0.178139,
0.177967,
0.177795,
0.177624,
0.177452,
0.17728,
0.177108,
0.176936,
0.176765,
0.176593,
0.176421,
0.176249,
0.176077,
0.175905,
0.175734,
0.175562,
0.17539,
0.175218,
0.175046,
0.174874,
0.174702,
0.17453,
0.174359,
0.174187,
0.174015,
0.173843,
0.173671,
0.173499,
0.173327,
0.173155,
0.172983,
0.172811,
0.172639,
0.172467,
0.172295,
0.172123,
0.171951,
0.17178,
0.171607,
0.171436,
0.171263,
0.171092,
0.17092,
0.170748,
0.170576,
0.170403,
0.170231,
0.17006,
0.169887,
0.169715,
0.169543,
0.169371,
0.169199,
0.169027,
0.168855,
0.168683,
0.168511,
0.168339,
0.168167,
0.167995,
0.167823,
0.167651,
0.167479,
0.167306,
0.167134,
0.166962,
0.16679,
0.166618,
0.166446,
0.166274,
0.166101,
0.165929,
0.165757,
0.165585,
0.165413,
0.165241,
0.165069,
0.164896,
0.164724,
0.164552,
0.16438,
0.164208,
0.164035,
0.163863,
0.163691,
0.163519,
0.163346,
0.163174,
0.163002,
0.16283,
0.162658,
0.162485,
0.162313,
0.162141,
0.161969,
0.161796,
0.161624,
0.161452,
0.161279,
0.161107,
0.160935,
0.160763,
0.16059,
0.160418,
0.160246,
0.160073,
0.159901,
0.159729,
0.159556,
0.159384,
0.159212,
0.159039,
0.158867,
0.158695,
0.158522,
0.15835,
0.158178,
0.158005,
0.157833,
0.15766,
0.157488,
0.157316,
0.157143,
0.156971,
0.156798,
0.156626,
0.156454,
0.156281,
0.156109,
0.155936,
0.155764,
0.155591,
0.155419,
0.155246,
0.155074,
0.154902,
0.154729,
0.154557,
0.154384,
0.154212,
0.154039,
0.153867,
0.153694,
0.153522,
0.153349,
0.153177,
0.153004,
0.152832,
0.152659,
0.152487,
0.152314,
0.152142,
0.151969,
0.151796,
0.151624,
0.151451,
0.151279,
0.151106,
0.150934,
0.150761,
0.150588,
0.150416,
0.150243,
0.150071,
0.149898,
0.149726,
0.149553,
0.14938,
0.149208,
0.149035,
0.148862,
0.14869,
0.148517,
0.148345,
0.148172,
0.147999,
0.147827,
0.147654,
0.147481,
0.147309,
0.147136,
0.146963,
0.146791,
0.146618,
0.146445,
0.146273,
0.1461,
0.145927,
0.145755,
0.145582,
0.145409,
0.145236,
0.145064,
0.144891,
0.144718,
0.144545,
0.144373,
0.1442,
0.144027,
0.143855,
0.143682,
0.143509,
0.143336,
0.143163,
0.142991,
0.142818,
0.142645,
0.142472,
0.1423,
0.142127,
0.141954,
0.141781,
0.141608,
0.141436,
0.141263,
0.14109,
0.140917,
0.140744,
0.140571,
0.140399,
0.140226,
0.140053,
0.13988,
0.139707,
0.139534,
0.139361,
0.139189,
0.139016,
0.138843,
0.13867,
0.138497,
0.138324,
0.138151,
0.137978,
0.137805,
0.137633,
0.13746,
0.137287,
0.137114,
0.136941,
0.136768,
0.136595,
0.136422,
0.136249,
0.136076,
0.135903,
0.13573,
0.135557,
0.135384,
0.135211,
0.135038,
0.134865,
0.134692,
0.13452,
0.134347,
0.134173,
0.134001,
0.133827,
0.133655,
0.133482,
0.133309,
0.133136,
0.132962,
0.132789,
0.132616,
0.132443,
0.13227,
0.132097,
0.131924,
0.131751,
0.131578,
0.131405,
0.131232,
0.131059,
0.130886,
0.130713,
0.13054,
0.130367,
0.130194,
0.130021,
0.129847,
0.129674,
0.129501,
0.129328,
0.129155,
0.128982,
0.128809,
0.128636,
0.128463,
0.12829,
0.128116,
0.127943,
0.12777,
0.127597,
0.127424,
0.127251,
0.127078,
0.126904,
0.126731,
0.126558,
0.126385,
0.126212,
0.126038,
0.125865,
0.125692,
0.125519,
0.125346,
0.125173,
0.124999,
0.124826,
0.124653,
0.12448,
0.124306,
0.124133,
0.12396,
0.123787,
0.123614,
0.12344,
0.123267,
0.123094,
0.122921,
0.122747,
0.122574,
0.122401,
0.122228,
0.122054,
0.121881,
0.121708,
0.121535,
0.121361,
0.121188,
0.121015,
0.120841,
0.120668,
0.120495,
0.120322,
0.120148,
0.119975,
0.119802,
0.119628,
0.119455,
0.119282,
0.119108,
0.118935,
0.118762,
0.118588,
0.118415,
0.118242,
0.118068,
0.117895,
0.117722,
0.117548,
0.117375,
0.117202,
0.117028,
0.116855,
0.116681,
0.116508,
0.116335,
0.116161,
0.115988,
0.115815,
0.115641,
0.115468,
0.115294,
0.115121,
0.114947,
0.114774,
0.114601,
0.114427,
0.114254,
0.11408,
0.113907,
0.113733,
0.11356,
0.113387,
0.113213,
0.11304,
0.112866,
0.112693,
0.112519,
0.112346,
0.112172,
0.111999,
0.111825,
0.111652,
0.111479,
0.111305,
0.111132,
0.110958,
0.110785,
0.110611,
0.110438,
0.110264,
0.11009,
0.109917,
0.109744,
0.10957,
0.109396,
0.109223,
0.109049,
0.108876,
0.108702,
0.108529,
0.108355,
0.108182,
0.108008,
0.107835,
0.107661,
0.107487,
0.107314,
0.10714,
0.106967,
0.106793,
0.10662,
0.106446,
0.106273,
0.106099,
0.105925,
0.105752,
0.105578,
0.105405,
0.105231,
0.105057,
0.104884,
0.10471,
0.104537,
0.104363,
0.104189,
0.104016,
0.103842,
0.103668,
0.103495,
0.103321,
0.103147,
0.102974,
0.1028,
0.102627,
0.102453,
0.102279,
0.102106,
0.101932,
0.101758,
0.101585,
0.101411,
0.101237,
0.101064,
0.10089,
0.100716,
0.100543,
0.100369,
0.100195,
0.100022,
0.0998479,
0.0996741,
0.0995004,
0.0993268,
0.099153,
0.0989793,
0.0988056,
0.0986319,
0.0984582,
0.0982844,
0.0981107,
0.0979369,
0.0977633,
0.0975896,
0.0974158,
0.0972421,
0.0970683,
0.0968945,
0.0967208,
0.096547,
0.0963733,
0.0961995,
0.0960258,
0.095852,
0.0956782,
0.0955045,
0.0953306,
0.0951569,
0.0949832,
0.0948093,
0.0946356,
0.0944617,
0.094288,
0.0941142,
0.0939404,
0.0937666,
0.0935927,
0.093419,
0.0932452,
0.0930713,
0.0928976,
0.0927237,
0.0925499,
0.0923762,
0.0922023,
0.0920285,
0.0918546,
0.0916808,
0.0915069,
0.0913331,
0.0911593,
0.0909854,
0.0908116,
0.0906377,
0.0904638,
0.09029,
0.0901161,
0.0899423,
0.0897684,
0.0895945,
0.0894207,
0.0892468,
0.089073,
0.088899,
0.0887252,
0.0885513,
0.0883774,
0.0882035,
0.0880296,
0.0878557,
0.0876819,
0.0875079,
0.0873341,
0.0871601,
0.0869862,
0.0868124,
0.0866384,
0.0864645,
0.0862905,
0.0861166,
0.0859428,
0.0857688,
0.0855949,
0.0854209,
0.085247,
0.0850731,
0.0848991,
0.0847252,
0.0845512,
0.0843773,
0.0842034,
0.0840294,
0.0838555,
0.0836814,
0.0835075,
0.0833336,
0.0831596,
0.0829857,
0.0828116,
0.0826377,
0.0824638,
0.0822897,
0.0821158,
0.0819417,
0.0817678,
0.0815939,
0.0814198,
0.0812459,
0.0810718,
0.0808978,
0.0807239,
0.0805498,
0.0803759,
0.0802018,
0.0800278,
0.0798539,
0.0796798,
0.0795058,
0.0793317,
0.0791577,
0.0789838,
0.0788097,
0.0786357,
0.0784616,
0.0782876,
0.0781136,
0.0779395,
0.0777655,
0.0775914,
0.0774174,
0.0772434,
0.0770693,
0.0768953,
0.0767211,
0.0765471,
0.0763731,
0.076199,
0.076025,
0.0758508,
0.0756768,
0.0755028,
0.0753286,
0.0751546,
0.0749805,
0.0748064,
0.0746324,
0.0744582,
0.0742842,
0.07411,
0.073936,
0.073762,
0.0735878,
0.0734137,
0.0732396,
0.0730655,
0.0728915,
0.0727173,
0.0725432,
0.072369,
0.072195,
0.0720209,
0.0718467,
0.0716726,
0.0714984,
0.0713244,
0.0711503,
0.0709761,
0.070802,
0.0706278,
0.0704537,
0.0702796,
0.0701054,
0.0699313,
0.0697571,
0.069583,
0.0694089,
0.0692347,
0.0690606,
0.0688864,
0.0687122,
0.0685381,
0.0683639,
0.0681898,
0.0680156,
0.0678414,
0.0676673,
0.0674931,
0.0673189,
0.0671447,
0.0669706,
0.0667964,
0.0666222,
0.066448,
0.0662738,
0.0660997,
0.0659255,
0.0657512,
0.0655771,
0.0654028,
0.0652287,
0.0650545,
0.0648803,
0.0647061,
0.0645318,
0.0643577,
0.0641835,
0.0640092,
0.0638351,
0.0636608,
0.0634866,
0.0633124,
0.0631381,
0.062964,
0.0627897,
0.0626155,
0.0624413,
0.062267,
0.0620928,
0.0619185,
0.0617443,
0.0615701,
0.0613958,
0.0612216,
0.0610473,
0.0608731,
0.0606989,
0.0605246,
0.0603504,
0.0601761,
0.0600019,
0.0598277,
0.0596533,
0.0594791,
0.0593048,
0.0591306,
0.0589563,
0.058782,
0.0586078,
0.0584334,
0.0582592,
0.0580849,
0.0579106,
0.0577364,
0.0575621,
0.0573878,
0.0572135,
0.0570392,
0.056865,
0.0566906,
0.0565164,
0.056342,
0.0561678,
0.0559935,
0.0558192,
0.0556449,
0.0554705,
0.0552963,
0.055122,
0.0549477,
0.0547734,
0.054599,
0.0544248,
0.0542505,
0.0540761,
0.0539018,
0.0537275,
0.0535532,
0.0533789,
0.0532045,
0.0530302,
0.0528558,
0.0526816,
0.0525073,
0.0523329,
0.0521586,
0.0519842,
0.0518099,
0.0516356,
0.0514612,
0.0512869,
0.0511125,
0.0509382,
0.0507639,
0.0505895,
0.0504152,
0.0502408,
0.0500665,
0.0498922,
0.0497177,
0.0495434,
0.049369,
0.0491947,
0.0490204,
0.048846,
0.0486716,
0.0484972,
0.0483229,
0.0481486,
0.0479741,
0.0477998,
0.0476254,
0.047451,
0.0472767,
0.0471023,
0.0469279,
0.0467535,
0.0465791,
0.0464048,
0.0462304,
0.046056,
0.0458816,
0.0457072,
0.0455329,
0.0453584,
0.0451841,
0.0450096,
0.0448353,
0.0446609,
0.0444865,
0.0443121,
0.0441376,
0.0439633,
0.0437889,
0.0436145,
0.0434401,
0.0432656,
0.0430913,
0.0429169,
0.0427424,
0.0425681,
0.0423936,
0.0422192,
0.0420448,
0.0418703,
0.041696,
0.0415215,
0.0413471,
0.0411727,
0.0409982,
0.0408239,
0.0406494,
0.040475,
0.0403006,
0.0401261,
0.0399517,
0.0397772,
0.0396028,
0.0394285,
0.039254,
0.0390796,
0.0389051,
0.0387307,
0.0385563,
0.0383818,
0.0382074,
0.0380328,
0.0378585,
0.0376841,
0.0375095,
0.0373351,
0.0371606,
0.0369862,
0.0368118,
0.0366373,
0.0364629,
0.0362884,
0.0361139,
0.0359395,
0.035765,
0.0355906,
0.0354161,
0.0352417,
0.0350672,
0.0348927,
0.0347183,
0.0345437,
0.0343693,
0.0341949,
0.0340204,
0.0338459,
0.0336714,
0.033497,
0.0333226,
0.033148,
0.0329736,
0.032799,
0.0326246,
0.0324502,
0.0322756,
0.0321012,
0.0319266,
0.0317522,
0.0315778,
0.0314032,
0.0312288,
0.0310542,
0.0308798,
0.0307053,
0.0305308,
0.0303563,
0.0301818,
0.0300073,
0.0298329,
0.0296583,
0.0294839,
0.0293093,
0.0291349,
0.0289604,
0.0287859,
0.0286114,
0.0284368,
0.0282624,
0.0280879,
0.0279134,
0.0277389,
0.0275643,
0.0273899,
0.0272154,
0.0270408,
0.0268664,
0.0266918,
0.0265173,
0.0263429,
0.0261683,
0.0259938,
0.0258192,
0.0256448,
0.0254703,
0.0252957,
0.0251213,
0.0249467,
0.0247722,
0.0245976,
0.0244232,
0.0242487,
0.0240741,
0.0238996,
0.023725,
0.0235506,
0.0233761,
0.0232015,
0.023027,
0.0228524,
0.0226779,
0.0225035,
0.0223289,
0.0221544,
0.0219798,
0.0218053,
0.0216308,
0.0214562,
0.0212817,
0.0211071,
0.0209327,
0.0207582,
0.0205836,
0.0204091,
0.0202345,
0.02006,
0.0198855,
0.0197109,
0.0195364,
0.0193618,
0.0191873,
0.0190128,
0.0188382,
0.0186637,
0.0184891,
0.0183146,
0.0181401,
0.0179655,
0.017791,
0.0176164,
0.0174419,
0.0172674,
0.0170928,
0.0169183,
0.0167437,
0.0165692,
0.0163947,
0.0162201,
0.0160456,
0.0158709,
0.0156964,
0.0155219,
0.0153473,
0.0151728,
0.0149982,
0.0148237,
0.0146492,
0.0144746,
0.0143001,
0.0141254,
0.0139509,
0.0137764,
0.0136018,
0.0134273,
0.0132527,
0.0130782,
0.0129036,
0.012729,
0.0125545,
0.0123799,
0.0122054,
0.0120309,
0.0118562,
0.0116817,
0.0115071,
0.0113326,
0.0111581,
0.0109834,
0.0108089,
0.0106343,
0.0104598,
0.0102853,
0.0101106,
0.00993613,
0.00976149,
0.00958698,
0.00941246,
0.00923783,
0.00906331,
0.00888868,
0.00871416,
0.00853965,
0.00836501,
0.0081905,
0.00801586,
0.00784134,
0.00766683,
0.00749219,
0.00731767,
0.00714304,
0.00696852,
0.006794,
0.00661936,
0.00644484,
0.0062702,
0.00609569,
0.00592117,
0.00574653,
0.00557201,
0.00539737,
0.00522285,
0.00504833,
0.00487369,
0.00469917,
0.00452453,
0.00435001,
0.00417549,
0.00400085,
0.00382633,
0.00365169,
0.00347717,
0.00330264,
0.003128,
0.00295348,
0.00277884,
0.00260432,
0.0024298,
0.00225516,
0.00208063,
0.00190599,
0.00173147,
0.00155695,
0.00138231,
0.00120778,
0.00103314,
0.000858621,
0.000684098,
0.000509457,
0.000334934,
0.000160293,
-1.42296e-005,
